/*--------------------------------*- C++ -*----------------------------------*\
| =========                 |                                                 |
| \\      /  F ield         | OpenFOAM: The Open Source CFD Toolbox           |
|  \\    /   O peration     | Version:  2412                                  |
|   \\  /    A nd           | Website:  www.openfoam.com                      |
|    \\/     M anipulation  |                                                 |
\*---------------------------------------------------------------------------*/
FoamFile
{
    version     2.0;
    format      ascii;
    arch        "LSB;label=32;scalar=64";
    class       faceList;
    location    "constant/polyMesh";
    object      faces;
}
// * * * * * * * * * * * * * * * * * * * * * * * * * * * * * * * * * * * * * //


1601
(
4(2 644 645 3)
4(4 646 647 5)
4(6 648 649 7)
4(8 650 651 9)
4(10 652 653 11)
4(12 654 655 13)
4(14 656 657 15)
4(16 658 659 17)
4(18 660 661 19)
4(20 662 663 21)
4(22 664 665 23)
4(24 666 667 25)
4(26 668 669 27)
4(28 670 671 29)
4(30 672 673 31)
4(32 674 675 33)
4(34 676 677 35)
4(36 678 679 37)
4(38 680 681 39)
4(40 682 683 41)
4(42 684 685 43)
4(44 686 687 45)
4(46 688 689 47)
4(48 690 691 49)
4(50 692 693 51)
4(52 694 695 53)
4(54 696 697 55)
4(56 698 699 57)
4(58 700 701 59)
4(60 702 703 61)
4(62 704 705 63)
4(64 706 707 65)
4(66 708 709 67)
4(68 710 711 69)
4(70 712 713 71)
4(72 714 715 73)
4(74 716 717 75)
4(76 718 719 77)
4(78 720 721 79)
4(80 722 723 81)
4(82 724 725 83)
4(84 726 727 85)
4(86 728 729 87)
4(88 730 731 89)
4(90 732 733 91)
4(92 734 735 93)
4(94 736 737 95)
4(96 738 739 97)
4(98 740 741 99)
4(100 742 743 101)
4(102 744 745 103)
4(104 746 747 105)
4(106 748 749 107)
4(108 750 751 109)
4(110 752 753 111)
4(112 754 755 113)
4(114 756 757 115)
4(116 758 759 117)
4(118 760 761 119)
4(120 762 763 121)
4(122 764 765 123)
4(124 766 767 125)
4(126 768 769 127)
4(128 770 771 129)
4(130 772 773 131)
4(132 774 775 133)
4(134 776 777 135)
4(136 778 779 137)
4(138 780 781 139)
4(140 782 783 141)
4(142 784 785 143)
4(144 786 787 145)
4(146 788 789 147)
4(148 790 791 149)
4(150 792 793 151)
4(152 794 795 153)
4(154 796 797 155)
4(156 798 799 157)
4(158 800 801 159)
4(160 802 803 161)
4(162 804 805 163)
4(164 806 807 165)
4(166 808 809 167)
4(168 810 811 169)
4(170 812 813 171)
4(172 814 815 173)
4(174 816 817 175)
4(176 818 819 177)
4(178 820 821 179)
4(180 822 823 181)
4(182 824 825 183)
4(184 826 827 185)
4(186 828 829 187)
4(188 830 831 189)
4(190 832 833 191)
4(192 834 835 193)
4(194 836 837 195)
4(196 838 839 197)
4(198 840 841 199)
4(200 842 843 201)
4(202 844 845 203)
4(204 846 847 205)
4(206 848 849 207)
4(208 850 851 209)
4(210 852 853 211)
4(212 854 855 213)
4(214 856 857 215)
4(216 858 859 217)
4(218 860 861 219)
4(220 862 863 221)
4(222 864 865 223)
4(224 866 867 225)
4(226 868 869 227)
4(228 870 871 229)
4(230 872 873 231)
4(232 874 875 233)
4(234 876 877 235)
4(236 878 879 237)
4(238 880 881 239)
4(240 882 883 241)
4(242 884 885 243)
4(244 886 887 245)
4(246 888 889 247)
4(248 890 891 249)
4(250 892 893 251)
4(252 894 895 253)
4(254 896 897 255)
4(256 898 899 257)
4(258 900 901 259)
4(260 902 903 261)
4(262 904 905 263)
4(264 906 907 265)
4(266 908 909 267)
4(268 910 911 269)
4(270 912 913 271)
4(272 914 915 273)
4(274 916 917 275)
4(276 918 919 277)
4(278 920 921 279)
4(280 922 923 281)
4(282 924 925 283)
4(284 926 927 285)
4(286 928 929 287)
4(288 930 931 289)
4(290 932 933 291)
4(292 934 935 293)
4(294 936 937 295)
4(296 938 939 297)
4(298 940 941 299)
4(300 942 943 301)
4(302 944 945 303)
4(304 946 947 305)
4(306 948 949 307)
4(308 950 951 309)
4(310 952 953 311)
4(312 954 955 313)
4(314 956 957 315)
4(316 958 959 317)
4(318 960 961 319)
4(320 962 963 321)
4(322 964 965 323)
4(324 966 967 325)
4(326 968 969 327)
4(328 970 971 329)
4(330 972 973 331)
4(332 974 975 333)
4(334 976 977 335)
4(336 978 979 337)
4(338 980 981 339)
4(340 982 983 341)
4(342 984 985 343)
4(344 986 987 345)
4(346 988 989 347)
4(348 990 991 349)
4(350 992 993 351)
4(352 994 995 353)
4(354 996 997 355)
4(356 998 999 357)
4(358 1000 1001 359)
4(360 1002 1003 361)
4(362 1004 1005 363)
4(364 1006 1007 365)
4(366 1008 1009 367)
4(368 1010 1011 369)
4(370 1012 1013 371)
4(372 1014 1015 373)
4(374 1016 1017 375)
4(376 1018 1019 377)
4(378 1020 1021 379)
4(380 1022 1023 381)
4(382 1024 1025 383)
4(384 1026 1027 385)
4(386 1028 1029 387)
4(388 1030 1031 389)
4(390 1032 1033 391)
4(392 1034 1035 393)
4(394 1036 1037 395)
4(396 1038 1039 397)
4(398 1040 1041 399)
4(400 1042 1043 401)
4(402 1044 1045 403)
4(404 1046 1047 405)
4(406 1048 1049 407)
4(408 1050 1051 409)
4(410 1052 1053 411)
4(412 1054 1055 413)
4(414 1056 1057 415)
4(416 1058 1059 417)
4(418 1060 1061 419)
4(420 1062 1063 421)
4(422 1064 1065 423)
4(424 1066 1067 425)
4(426 1068 1069 427)
4(428 1070 1071 429)
4(430 1072 1073 431)
4(432 1074 1075 433)
4(434 1076 1077 435)
4(436 1078 1079 437)
4(438 1080 1081 439)
4(440 1082 1083 441)
4(442 1084 1085 443)
4(444 1086 1087 445)
4(446 1088 1089 447)
4(448 1090 1091 449)
4(450 1092 1093 451)
4(452 1094 1095 453)
4(454 1096 1097 455)
4(456 1098 1099 457)
4(458 1100 1101 459)
4(460 1102 1103 461)
4(462 1104 1105 463)
4(464 1106 1107 465)
4(466 1108 1109 467)
4(468 1110 1111 469)
4(470 1112 1113 471)
4(472 1114 1115 473)
4(474 1116 1117 475)
4(476 1118 1119 477)
4(478 1120 1121 479)
4(480 1122 1123 481)
4(482 1124 1125 483)
4(484 1126 1127 485)
4(486 1128 1129 487)
4(488 1130 1131 489)
4(490 1132 1133 491)
4(492 1134 1135 493)
4(494 1136 1137 495)
4(496 1138 1139 497)
4(498 1140 1141 499)
4(500 1142 1143 501)
4(502 1144 1145 503)
4(504 1146 1147 505)
4(506 1148 1149 507)
4(508 1150 1151 509)
4(510 1152 1153 511)
4(512 1154 1155 513)
4(514 1156 1157 515)
4(516 1158 1159 517)
4(518 1160 1161 519)
4(520 1162 1163 521)
4(522 1164 1165 523)
4(524 1166 1167 525)
4(526 1168 1169 527)
4(528 1170 1171 529)
4(530 1172 1173 531)
4(532 1174 1175 533)
4(534 1176 1177 535)
4(536 1178 1179 537)
4(538 1180 1181 539)
4(540 1182 1183 541)
4(542 1184 1185 543)
4(544 1186 1187 545)
4(546 1188 1189 547)
4(548 1190 1191 549)
4(550 1192 1193 551)
4(552 1194 1195 553)
4(554 1196 1197 555)
4(556 1198 1199 557)
4(558 1200 1201 559)
4(560 1202 1203 561)
4(562 1204 1205 563)
4(564 1206 1207 565)
4(566 1208 1209 567)
4(568 1210 1211 569)
4(570 1212 1213 571)
4(572 1214 1215 573)
4(574 1216 1217 575)
4(576 1218 1219 577)
4(578 1220 1221 579)
4(580 1222 1223 581)
4(582 1224 1225 583)
4(584 1226 1227 585)
4(586 1228 1229 587)
4(588 1230 1231 589)
4(590 1232 1233 591)
4(592 1234 1235 593)
4(594 1236 1237 595)
4(596 1238 1239 597)
4(598 1240 1241 599)
4(600 1242 1243 601)
4(602 1244 1245 603)
4(604 1246 1247 605)
4(606 1248 1249 607)
4(608 1250 1251 609)
4(610 1252 1253 611)
4(612 1254 1255 613)
4(614 1256 1257 615)
4(616 1258 1259 617)
4(618 1260 1261 619)
4(620 1262 1263 621)
4(622 1264 1265 623)
4(624 1266 1267 625)
4(626 1268 1269 627)
4(628 1270 1271 629)
4(630 1272 1273 631)
4(632 1274 1275 633)
4(634 1276 1277 635)
4(636 1278 1279 637)
4(638 1280 1281 639)
4(0 1 643 642)
4(640 1282 1283 641)
4(0 642 644 2)
4(2 644 646 4)
4(4 646 648 6)
4(6 648 650 8)
4(8 650 652 10)
4(10 652 654 12)
4(12 654 656 14)
4(14 656 658 16)
4(16 658 660 18)
4(18 660 662 20)
4(20 662 664 22)
4(22 664 666 24)
4(24 666 668 26)
4(26 668 670 28)
4(28 670 672 30)
4(30 672 674 32)
4(32 674 676 34)
4(34 676 678 36)
4(36 678 680 38)
4(38 680 682 40)
4(40 682 684 42)
4(42 684 686 44)
4(44 686 688 46)
4(46 688 690 48)
4(48 690 692 50)
4(50 692 694 52)
4(52 694 696 54)
4(54 696 698 56)
4(56 698 700 58)
4(58 700 702 60)
4(60 702 704 62)
4(62 704 706 64)
4(64 706 708 66)
4(66 708 710 68)
4(68 710 712 70)
4(70 712 714 72)
4(72 714 716 74)
4(74 716 718 76)
4(76 718 720 78)
4(78 720 722 80)
4(80 722 724 82)
4(82 724 726 84)
4(84 726 728 86)
4(86 728 730 88)
4(88 730 732 90)
4(90 732 734 92)
4(92 734 736 94)
4(94 736 738 96)
4(96 738 740 98)
4(98 740 742 100)
4(100 742 744 102)
4(102 744 746 104)
4(104 746 748 106)
4(106 748 750 108)
4(108 750 752 110)
4(110 752 754 112)
4(112 754 756 114)
4(114 756 758 116)
4(116 758 760 118)
4(118 760 762 120)
4(120 762 764 122)
4(122 764 766 124)
4(124 766 768 126)
4(126 768 770 128)
4(128 770 772 130)
4(130 772 774 132)
4(132 774 776 134)
4(134 776 778 136)
4(136 778 780 138)
4(138 780 782 140)
4(140 782 784 142)
4(142 784 786 144)
4(144 786 788 146)
4(146 788 790 148)
4(148 790 792 150)
4(150 792 794 152)
4(152 794 796 154)
4(154 796 798 156)
4(156 798 800 158)
4(158 800 802 160)
4(160 802 804 162)
4(162 804 806 164)
4(164 806 808 166)
4(166 808 810 168)
4(168 810 812 170)
4(170 812 814 172)
4(172 814 816 174)
4(174 816 818 176)
4(176 818 820 178)
4(178 820 822 180)
4(180 822 824 182)
4(182 824 826 184)
4(184 826 828 186)
4(186 828 830 188)
4(188 830 832 190)
4(190 832 834 192)
4(192 834 836 194)
4(194 836 838 196)
4(196 838 840 198)
4(198 840 842 200)
4(200 842 844 202)
4(202 844 846 204)
4(204 846 848 206)
4(206 848 850 208)
4(208 850 852 210)
4(210 852 854 212)
4(212 854 856 214)
4(214 856 858 216)
4(216 858 860 218)
4(218 860 862 220)
4(220 862 864 222)
4(222 864 866 224)
4(224 866 868 226)
4(226 868 870 228)
4(228 870 872 230)
4(230 872 874 232)
4(232 874 876 234)
4(234 876 878 236)
4(236 878 880 238)
4(238 880 882 240)
4(240 882 884 242)
4(242 884 886 244)
4(244 886 888 246)
4(246 888 890 248)
4(248 890 892 250)
4(250 892 894 252)
4(252 894 896 254)
4(254 896 898 256)
4(256 898 900 258)
4(258 900 902 260)
4(260 902 904 262)
4(262 904 906 264)
4(264 906 908 266)
4(266 908 910 268)
4(268 910 912 270)
4(270 912 914 272)
4(272 914 916 274)
4(274 916 918 276)
4(276 918 920 278)
4(278 920 922 280)
4(280 922 924 282)
4(282 924 926 284)
4(284 926 928 286)
4(286 928 930 288)
4(288 930 932 290)
4(290 932 934 292)
4(292 934 936 294)
4(294 936 938 296)
4(296 938 940 298)
4(298 940 942 300)
4(300 942 944 302)
4(302 944 946 304)
4(304 946 948 306)
4(306 948 950 308)
4(308 950 952 310)
4(310 952 954 312)
4(312 954 956 314)
4(314 956 958 316)
4(316 958 960 318)
4(318 960 962 320)
4(320 962 964 322)
4(322 964 966 324)
4(324 966 968 326)
4(326 968 970 328)
4(328 970 972 330)
4(330 972 974 332)
4(332 974 976 334)
4(334 976 978 336)
4(336 978 980 338)
4(338 980 982 340)
4(340 982 984 342)
4(342 984 986 344)
4(344 986 988 346)
4(346 988 990 348)
4(348 990 992 350)
4(350 992 994 352)
4(352 994 996 354)
4(354 996 998 356)
4(356 998 1000 358)
4(358 1000 1002 360)
4(360 1002 1004 362)
4(362 1004 1006 364)
4(364 1006 1008 366)
4(366 1008 1010 368)
4(368 1010 1012 370)
4(370 1012 1014 372)
4(372 1014 1016 374)
4(374 1016 1018 376)
4(376 1018 1020 378)
4(378 1020 1022 380)
4(380 1022 1024 382)
4(382 1024 1026 384)
4(384 1026 1028 386)
4(386 1028 1030 388)
4(388 1030 1032 390)
4(390 1032 1034 392)
4(392 1034 1036 394)
4(394 1036 1038 396)
4(396 1038 1040 398)
4(398 1040 1042 400)
4(400 1042 1044 402)
4(402 1044 1046 404)
4(404 1046 1048 406)
4(406 1048 1050 408)
4(408 1050 1052 410)
4(410 1052 1054 412)
4(412 1054 1056 414)
4(414 1056 1058 416)
4(416 1058 1060 418)
4(418 1060 1062 420)
4(420 1062 1064 422)
4(422 1064 1066 424)
4(424 1066 1068 426)
4(426 1068 1070 428)
4(428 1070 1072 430)
4(430 1072 1074 432)
4(432 1074 1076 434)
4(434 1076 1078 436)
4(436 1078 1080 438)
4(438 1080 1082 440)
4(440 1082 1084 442)
4(442 1084 1086 444)
4(444 1086 1088 446)
4(446 1088 1090 448)
4(448 1090 1092 450)
4(450 1092 1094 452)
4(452 1094 1096 454)
4(454 1096 1098 456)
4(456 1098 1100 458)
4(458 1100 1102 460)
4(460 1102 1104 462)
4(462 1104 1106 464)
4(464 1106 1108 466)
4(466 1108 1110 468)
4(468 1110 1112 470)
4(470 1112 1114 472)
4(472 1114 1116 474)
4(474 1116 1118 476)
4(476 1118 1120 478)
4(478 1120 1122 480)
4(480 1122 1124 482)
4(482 1124 1126 484)
4(484 1126 1128 486)
4(486 1128 1130 488)
4(488 1130 1132 490)
4(490 1132 1134 492)
4(492 1134 1136 494)
4(494 1136 1138 496)
4(496 1138 1140 498)
4(498 1140 1142 500)
4(500 1142 1144 502)
4(502 1144 1146 504)
4(504 1146 1148 506)
4(506 1148 1150 508)
4(508 1150 1152 510)
4(510 1152 1154 512)
4(512 1154 1156 514)
4(514 1156 1158 516)
4(516 1158 1160 518)
4(518 1160 1162 520)
4(520 1162 1164 522)
4(522 1164 1166 524)
4(524 1166 1168 526)
4(526 1168 1170 528)
4(528 1170 1172 530)
4(530 1172 1174 532)
4(532 1174 1176 534)
4(534 1176 1178 536)
4(536 1178 1180 538)
4(538 1180 1182 540)
4(540 1182 1184 542)
4(542 1184 1186 544)
4(544 1186 1188 546)
4(546 1188 1190 548)
4(548 1190 1192 550)
4(550 1192 1194 552)
4(552 1194 1196 554)
4(554 1196 1198 556)
4(556 1198 1200 558)
4(558 1200 1202 560)
4(560 1202 1204 562)
4(562 1204 1206 564)
4(564 1206 1208 566)
4(566 1208 1210 568)
4(568 1210 1212 570)
4(570 1212 1214 572)
4(572 1214 1216 574)
4(574 1216 1218 576)
4(576 1218 1220 578)
4(578 1220 1222 580)
4(580 1222 1224 582)
4(582 1224 1226 584)
4(584 1226 1228 586)
4(586 1228 1230 588)
4(588 1230 1232 590)
4(590 1232 1234 592)
4(592 1234 1236 594)
4(594 1236 1238 596)
4(596 1238 1240 598)
4(598 1240 1242 600)
4(600 1242 1244 602)
4(602 1244 1246 604)
4(604 1246 1248 606)
4(606 1248 1250 608)
4(608 1250 1252 610)
4(610 1252 1254 612)
4(612 1254 1256 614)
4(614 1256 1258 616)
4(616 1258 1260 618)
4(618 1260 1262 620)
4(620 1262 1264 622)
4(622 1264 1266 624)
4(624 1266 1268 626)
4(626 1268 1270 628)
4(628 1270 1272 630)
4(630 1272 1274 632)
4(632 1274 1276 634)
4(634 1276 1278 636)
4(636 1278 1280 638)
4(638 1280 1282 640)
4(1 3 645 643)
4(3 5 647 645)
4(5 7 649 647)
4(7 9 651 649)
4(9 11 653 651)
4(11 13 655 653)
4(13 15 657 655)
4(15 17 659 657)
4(17 19 661 659)
4(19 21 663 661)
4(21 23 665 663)
4(23 25 667 665)
4(25 27 669 667)
4(27 29 671 669)
4(29 31 673 671)
4(31 33 675 673)
4(33 35 677 675)
4(35 37 679 677)
4(37 39 681 679)
4(39 41 683 681)
4(41 43 685 683)
4(43 45 687 685)
4(45 47 689 687)
4(47 49 691 689)
4(49 51 693 691)
4(51 53 695 693)
4(53 55 697 695)
4(55 57 699 697)
4(57 59 701 699)
4(59 61 703 701)
4(61 63 705 703)
4(63 65 707 705)
4(65 67 709 707)
4(67 69 711 709)
4(69 71 713 711)
4(71 73 715 713)
4(73 75 717 715)
4(75 77 719 717)
4(77 79 721 719)
4(79 81 723 721)
4(81 83 725 723)
4(83 85 727 725)
4(85 87 729 727)
4(87 89 731 729)
4(89 91 733 731)
4(91 93 735 733)
4(93 95 737 735)
4(95 97 739 737)
4(97 99 741 739)
4(99 101 743 741)
4(101 103 745 743)
4(103 105 747 745)
4(105 107 749 747)
4(107 109 751 749)
4(109 111 753 751)
4(111 113 755 753)
4(113 115 757 755)
4(115 117 759 757)
4(117 119 761 759)
4(119 121 763 761)
4(121 123 765 763)
4(123 125 767 765)
4(125 127 769 767)
4(127 129 771 769)
4(129 131 773 771)
4(131 133 775 773)
4(133 135 777 775)
4(135 137 779 777)
4(137 139 781 779)
4(139 141 783 781)
4(141 143 785 783)
4(143 145 787 785)
4(145 147 789 787)
4(147 149 791 789)
4(149 151 793 791)
4(151 153 795 793)
4(153 155 797 795)
4(155 157 799 797)
4(157 159 801 799)
4(159 161 803 801)
4(161 163 805 803)
4(163 165 807 805)
4(165 167 809 807)
4(167 169 811 809)
4(169 171 813 811)
4(171 173 815 813)
4(173 175 817 815)
4(175 177 819 817)
4(177 179 821 819)
4(179 181 823 821)
4(181 183 825 823)
4(183 185 827 825)
4(185 187 829 827)
4(187 189 831 829)
4(189 191 833 831)
4(191 193 835 833)
4(193 195 837 835)
4(195 197 839 837)
4(197 199 841 839)
4(199 201 843 841)
4(201 203 845 843)
4(203 205 847 845)
4(205 207 849 847)
4(207 209 851 849)
4(209 211 853 851)
4(211 213 855 853)
4(213 215 857 855)
4(215 217 859 857)
4(217 219 861 859)
4(219 221 863 861)
4(221 223 865 863)
4(223 225 867 865)
4(225 227 869 867)
4(227 229 871 869)
4(229 231 873 871)
4(231 233 875 873)
4(233 235 877 875)
4(235 237 879 877)
4(237 239 881 879)
4(239 241 883 881)
4(241 243 885 883)
4(243 245 887 885)
4(245 247 889 887)
4(247 249 891 889)
4(249 251 893 891)
4(251 253 895 893)
4(253 255 897 895)
4(255 257 899 897)
4(257 259 901 899)
4(259 261 903 901)
4(261 263 905 903)
4(263 265 907 905)
4(265 267 909 907)
4(267 269 911 909)
4(269 271 913 911)
4(271 273 915 913)
4(273 275 917 915)
4(275 277 919 917)
4(277 279 921 919)
4(279 281 923 921)
4(281 283 925 923)
4(283 285 927 925)
4(285 287 929 927)
4(287 289 931 929)
4(289 291 933 931)
4(291 293 935 933)
4(293 295 937 935)
4(295 297 939 937)
4(297 299 941 939)
4(299 301 943 941)
4(301 303 945 943)
4(303 305 947 945)
4(305 307 949 947)
4(307 309 951 949)
4(309 311 953 951)
4(311 313 955 953)
4(313 315 957 955)
4(315 317 959 957)
4(317 319 961 959)
4(319 321 963 961)
4(321 323 965 963)
4(323 325 967 965)
4(325 327 969 967)
4(327 329 971 969)
4(329 331 973 971)
4(331 333 975 973)
4(333 335 977 975)
4(335 337 979 977)
4(337 339 981 979)
4(339 341 983 981)
4(341 343 985 983)
4(343 345 987 985)
4(345 347 989 987)
4(347 349 991 989)
4(349 351 993 991)
4(351 353 995 993)
4(353 355 997 995)
4(355 357 999 997)
4(357 359 1001 999)
4(359 361 1003 1001)
4(361 363 1005 1003)
4(363 365 1007 1005)
4(365 367 1009 1007)
4(367 369 1011 1009)
4(369 371 1013 1011)
4(371 373 1015 1013)
4(373 375 1017 1015)
4(375 377 1019 1017)
4(377 379 1021 1019)
4(379 381 1023 1021)
4(381 383 1025 1023)
4(383 385 1027 1025)
4(385 387 1029 1027)
4(387 389 1031 1029)
4(389 391 1033 1031)
4(391 393 1035 1033)
4(393 395 1037 1035)
4(395 397 1039 1037)
4(397 399 1041 1039)
4(399 401 1043 1041)
4(401 403 1045 1043)
4(403 405 1047 1045)
4(405 407 1049 1047)
4(407 409 1051 1049)
4(409 411 1053 1051)
4(411 413 1055 1053)
4(413 415 1057 1055)
4(415 417 1059 1057)
4(417 419 1061 1059)
4(419 421 1063 1061)
4(421 423 1065 1063)
4(423 425 1067 1065)
4(425 427 1069 1067)
4(427 429 1071 1069)
4(429 431 1073 1071)
4(431 433 1075 1073)
4(433 435 1077 1075)
4(435 437 1079 1077)
4(437 439 1081 1079)
4(439 441 1083 1081)
4(441 443 1085 1083)
4(443 445 1087 1085)
4(445 447 1089 1087)
4(447 449 1091 1089)
4(449 451 1093 1091)
4(451 453 1095 1093)
4(453 455 1097 1095)
4(455 457 1099 1097)
4(457 459 1101 1099)
4(459 461 1103 1101)
4(461 463 1105 1103)
4(463 465 1107 1105)
4(465 467 1109 1107)
4(467 469 1111 1109)
4(469 471 1113 1111)
4(471 473 1115 1113)
4(473 475 1117 1115)
4(475 477 1119 1117)
4(477 479 1121 1119)
4(479 481 1123 1121)
4(481 483 1125 1123)
4(483 485 1127 1125)
4(485 487 1129 1127)
4(487 489 1131 1129)
4(489 491 1133 1131)
4(491 493 1135 1133)
4(493 495 1137 1135)
4(495 497 1139 1137)
4(497 499 1141 1139)
4(499 501 1143 1141)
4(501 503 1145 1143)
4(503 505 1147 1145)
4(505 507 1149 1147)
4(507 509 1151 1149)
4(509 511 1153 1151)
4(511 513 1155 1153)
4(513 515 1157 1155)
4(515 517 1159 1157)
4(517 519 1161 1159)
4(519 521 1163 1161)
4(521 523 1165 1163)
4(523 525 1167 1165)
4(525 527 1169 1167)
4(527 529 1171 1169)
4(529 531 1173 1171)
4(531 533 1175 1173)
4(533 535 1177 1175)
4(535 537 1179 1177)
4(537 539 1181 1179)
4(539 541 1183 1181)
4(541 543 1185 1183)
4(543 545 1187 1185)
4(545 547 1189 1187)
4(547 549 1191 1189)
4(549 551 1193 1191)
4(551 553 1195 1193)
4(553 555 1197 1195)
4(555 557 1199 1197)
4(557 559 1201 1199)
4(559 561 1203 1201)
4(561 563 1205 1203)
4(563 565 1207 1205)
4(565 567 1209 1207)
4(567 569 1211 1209)
4(569 571 1213 1211)
4(571 573 1215 1213)
4(573 575 1217 1215)
4(575 577 1219 1217)
4(577 579 1221 1219)
4(579 581 1223 1221)
4(581 583 1225 1223)
4(583 585 1227 1225)
4(585 587 1229 1227)
4(587 589 1231 1229)
4(589 591 1233 1231)
4(591 593 1235 1233)
4(593 595 1237 1235)
4(595 597 1239 1237)
4(597 599 1241 1239)
4(599 601 1243 1241)
4(601 603 1245 1243)
4(603 605 1247 1245)
4(605 607 1249 1247)
4(607 609 1251 1249)
4(609 611 1253 1251)
4(611 613 1255 1253)
4(613 615 1257 1255)
4(615 617 1259 1257)
4(617 619 1261 1259)
4(619 621 1263 1261)
4(621 623 1265 1263)
4(623 625 1267 1265)
4(625 627 1269 1267)
4(627 629 1271 1269)
4(629 631 1273 1271)
4(631 633 1275 1273)
4(633 635 1277 1275)
4(635 637 1279 1277)
4(637 639 1281 1279)
4(639 641 1283 1281)
4(0 2 3 1)
4(2 4 5 3)
4(4 6 7 5)
4(6 8 9 7)
4(8 10 11 9)
4(10 12 13 11)
4(12 14 15 13)
4(14 16 17 15)
4(16 18 19 17)
4(18 20 21 19)
4(20 22 23 21)
4(22 24 25 23)
4(24 26 27 25)
4(26 28 29 27)
4(28 30 31 29)
4(30 32 33 31)
4(32 34 35 33)
4(34 36 37 35)
4(36 38 39 37)
4(38 40 41 39)
4(40 42 43 41)
4(42 44 45 43)
4(44 46 47 45)
4(46 48 49 47)
4(48 50 51 49)
4(50 52 53 51)
4(52 54 55 53)
4(54 56 57 55)
4(56 58 59 57)
4(58 60 61 59)
4(60 62 63 61)
4(62 64 65 63)
4(64 66 67 65)
4(66 68 69 67)
4(68 70 71 69)
4(70 72 73 71)
4(72 74 75 73)
4(74 76 77 75)
4(76 78 79 77)
4(78 80 81 79)
4(80 82 83 81)
4(82 84 85 83)
4(84 86 87 85)
4(86 88 89 87)
4(88 90 91 89)
4(90 92 93 91)
4(92 94 95 93)
4(94 96 97 95)
4(96 98 99 97)
4(98 100 101 99)
4(100 102 103 101)
4(102 104 105 103)
4(104 106 107 105)
4(106 108 109 107)
4(108 110 111 109)
4(110 112 113 111)
4(112 114 115 113)
4(114 116 117 115)
4(116 118 119 117)
4(118 120 121 119)
4(120 122 123 121)
4(122 124 125 123)
4(124 126 127 125)
4(126 128 129 127)
4(128 130 131 129)
4(130 132 133 131)
4(132 134 135 133)
4(134 136 137 135)
4(136 138 139 137)
4(138 140 141 139)
4(140 142 143 141)
4(142 144 145 143)
4(144 146 147 145)
4(146 148 149 147)
4(148 150 151 149)
4(150 152 153 151)
4(152 154 155 153)
4(154 156 157 155)
4(156 158 159 157)
4(158 160 161 159)
4(160 162 163 161)
4(162 164 165 163)
4(164 166 167 165)
4(166 168 169 167)
4(168 170 171 169)
4(170 172 173 171)
4(172 174 175 173)
4(174 176 177 175)
4(176 178 179 177)
4(178 180 181 179)
4(180 182 183 181)
4(182 184 185 183)
4(184 186 187 185)
4(186 188 189 187)
4(188 190 191 189)
4(190 192 193 191)
4(192 194 195 193)
4(194 196 197 195)
4(196 198 199 197)
4(198 200 201 199)
4(200 202 203 201)
4(202 204 205 203)
4(204 206 207 205)
4(206 208 209 207)
4(208 210 211 209)
4(210 212 213 211)
4(212 214 215 213)
4(214 216 217 215)
4(216 218 219 217)
4(218 220 221 219)
4(220 222 223 221)
4(222 224 225 223)
4(224 226 227 225)
4(226 228 229 227)
4(228 230 231 229)
4(230 232 233 231)
4(232 234 235 233)
4(234 236 237 235)
4(236 238 239 237)
4(238 240 241 239)
4(240 242 243 241)
4(242 244 245 243)
4(244 246 247 245)
4(246 248 249 247)
4(248 250 251 249)
4(250 252 253 251)
4(252 254 255 253)
4(254 256 257 255)
4(256 258 259 257)
4(258 260 261 259)
4(260 262 263 261)
4(262 264 265 263)
4(264 266 267 265)
4(266 268 269 267)
4(268 270 271 269)
4(270 272 273 271)
4(272 274 275 273)
4(274 276 277 275)
4(276 278 279 277)
4(278 280 281 279)
4(280 282 283 281)
4(282 284 285 283)
4(284 286 287 285)
4(286 288 289 287)
4(288 290 291 289)
4(290 292 293 291)
4(292 294 295 293)
4(294 296 297 295)
4(296 298 299 297)
4(298 300 301 299)
4(300 302 303 301)
4(302 304 305 303)
4(304 306 307 305)
4(306 308 309 307)
4(308 310 311 309)
4(310 312 313 311)
4(312 314 315 313)
4(314 316 317 315)
4(316 318 319 317)
4(318 320 321 319)
4(320 322 323 321)
4(322 324 325 323)
4(324 326 327 325)
4(326 328 329 327)
4(328 330 331 329)
4(330 332 333 331)
4(332 334 335 333)
4(334 336 337 335)
4(336 338 339 337)
4(338 340 341 339)
4(340 342 343 341)
4(342 344 345 343)
4(344 346 347 345)
4(346 348 349 347)
4(348 350 351 349)
4(350 352 353 351)
4(352 354 355 353)
4(354 356 357 355)
4(356 358 359 357)
4(358 360 361 359)
4(360 362 363 361)
4(362 364 365 363)
4(364 366 367 365)
4(366 368 369 367)
4(368 370 371 369)
4(370 372 373 371)
4(372 374 375 373)
4(374 376 377 375)
4(376 378 379 377)
4(378 380 381 379)
4(380 382 383 381)
4(382 384 385 383)
4(384 386 387 385)
4(386 388 389 387)
4(388 390 391 389)
4(390 392 393 391)
4(392 394 395 393)
4(394 396 397 395)
4(396 398 399 397)
4(398 400 401 399)
4(400 402 403 401)
4(402 404 405 403)
4(404 406 407 405)
4(406 408 409 407)
4(408 410 411 409)
4(410 412 413 411)
4(412 414 415 413)
4(414 416 417 415)
4(416 418 419 417)
4(418 420 421 419)
4(420 422 423 421)
4(422 424 425 423)
4(424 426 427 425)
4(426 428 429 427)
4(428 430 431 429)
4(430 432 433 431)
4(432 434 435 433)
4(434 436 437 435)
4(436 438 439 437)
4(438 440 441 439)
4(440 442 443 441)
4(442 444 445 443)
4(444 446 447 445)
4(446 448 449 447)
4(448 450 451 449)
4(450 452 453 451)
4(452 454 455 453)
4(454 456 457 455)
4(456 458 459 457)
4(458 460 461 459)
4(460 462 463 461)
4(462 464 465 463)
4(464 466 467 465)
4(466 468 469 467)
4(468 470 471 469)
4(470 472 473 471)
4(472 474 475 473)
4(474 476 477 475)
4(476 478 479 477)
4(478 480 481 479)
4(480 482 483 481)
4(482 484 485 483)
4(484 486 487 485)
4(486 488 489 487)
4(488 490 491 489)
4(490 492 493 491)
4(492 494 495 493)
4(494 496 497 495)
4(496 498 499 497)
4(498 500 501 499)
4(500 502 503 501)
4(502 504 505 503)
4(504 506 507 505)
4(506 508 509 507)
4(508 510 511 509)
4(510 512 513 511)
4(512 514 515 513)
4(514 516 517 515)
4(516 518 519 517)
4(518 520 521 519)
4(520 522 523 521)
4(522 524 525 523)
4(524 526 527 525)
4(526 528 529 527)
4(528 530 531 529)
4(530 532 533 531)
4(532 534 535 533)
4(534 536 537 535)
4(536 538 539 537)
4(538 540 541 539)
4(540 542 543 541)
4(542 544 545 543)
4(544 546 547 545)
4(546 548 549 547)
4(548 550 551 549)
4(550 552 553 551)
4(552 554 555 553)
4(554 556 557 555)
4(556 558 559 557)
4(558 560 561 559)
4(560 562 563 561)
4(562 564 565 563)
4(564 566 567 565)
4(566 568 569 567)
4(568 570 571 569)
4(570 572 573 571)
4(572 574 575 573)
4(574 576 577 575)
4(576 578 579 577)
4(578 580 581 579)
4(580 582 583 581)
4(582 584 585 583)
4(584 586 587 585)
4(586 588 589 587)
4(588 590 591 589)
4(590 592 593 591)
4(592 594 595 593)
4(594 596 597 595)
4(596 598 599 597)
4(598 600 601 599)
4(600 602 603 601)
4(602 604 605 603)
4(604 606 607 605)
4(606 608 609 607)
4(608 610 611 609)
4(610 612 613 611)
4(612 614 615 613)
4(614 616 617 615)
4(616 618 619 617)
4(618 620 621 619)
4(620 622 623 621)
4(622 624 625 623)
4(624 626 627 625)
4(626 628 629 627)
4(628 630 631 629)
4(630 632 633 631)
4(632 634 635 633)
4(634 636 637 635)
4(636 638 639 637)
4(638 640 641 639)
4(642 643 645 644)
4(644 645 647 646)
4(646 647 649 648)
4(648 649 651 650)
4(650 651 653 652)
4(652 653 655 654)
4(654 655 657 656)
4(656 657 659 658)
4(658 659 661 660)
4(660 661 663 662)
4(662 663 665 664)
4(664 665 667 666)
4(666 667 669 668)
4(668 669 671 670)
4(670 671 673 672)
4(672 673 675 674)
4(674 675 677 676)
4(676 677 679 678)
4(678 679 681 680)
4(680 681 683 682)
4(682 683 685 684)
4(684 685 687 686)
4(686 687 689 688)
4(688 689 691 690)
4(690 691 693 692)
4(692 693 695 694)
4(694 695 697 696)
4(696 697 699 698)
4(698 699 701 700)
4(700 701 703 702)
4(702 703 705 704)
4(704 705 707 706)
4(706 707 709 708)
4(708 709 711 710)
4(710 711 713 712)
4(712 713 715 714)
4(714 715 717 716)
4(716 717 719 718)
4(718 719 721 720)
4(720 721 723 722)
4(722 723 725 724)
4(724 725 727 726)
4(726 727 729 728)
4(728 729 731 730)
4(730 731 733 732)
4(732 733 735 734)
4(734 735 737 736)
4(736 737 739 738)
4(738 739 741 740)
4(740 741 743 742)
4(742 743 745 744)
4(744 745 747 746)
4(746 747 749 748)
4(748 749 751 750)
4(750 751 753 752)
4(752 753 755 754)
4(754 755 757 756)
4(756 757 759 758)
4(758 759 761 760)
4(760 761 763 762)
4(762 763 765 764)
4(764 765 767 766)
4(766 767 769 768)
4(768 769 771 770)
4(770 771 773 772)
4(772 773 775 774)
4(774 775 777 776)
4(776 777 779 778)
4(778 779 781 780)
4(780 781 783 782)
4(782 783 785 784)
4(784 785 787 786)
4(786 787 789 788)
4(788 789 791 790)
4(790 791 793 792)
4(792 793 795 794)
4(794 795 797 796)
4(796 797 799 798)
4(798 799 801 800)
4(800 801 803 802)
4(802 803 805 804)
4(804 805 807 806)
4(806 807 809 808)
4(808 809 811 810)
4(810 811 813 812)
4(812 813 815 814)
4(814 815 817 816)
4(816 817 819 818)
4(818 819 821 820)
4(820 821 823 822)
4(822 823 825 824)
4(824 825 827 826)
4(826 827 829 828)
4(828 829 831 830)
4(830 831 833 832)
4(832 833 835 834)
4(834 835 837 836)
4(836 837 839 838)
4(838 839 841 840)
4(840 841 843 842)
4(842 843 845 844)
4(844 845 847 846)
4(846 847 849 848)
4(848 849 851 850)
4(850 851 853 852)
4(852 853 855 854)
4(854 855 857 856)
4(856 857 859 858)
4(858 859 861 860)
4(860 861 863 862)
4(862 863 865 864)
4(864 865 867 866)
4(866 867 869 868)
4(868 869 871 870)
4(870 871 873 872)
4(872 873 875 874)
4(874 875 877 876)
4(876 877 879 878)
4(878 879 881 880)
4(880 881 883 882)
4(882 883 885 884)
4(884 885 887 886)
4(886 887 889 888)
4(888 889 891 890)
4(890 891 893 892)
4(892 893 895 894)
4(894 895 897 896)
4(896 897 899 898)
4(898 899 901 900)
4(900 901 903 902)
4(902 903 905 904)
4(904 905 907 906)
4(906 907 909 908)
4(908 909 911 910)
4(910 911 913 912)
4(912 913 915 914)
4(914 915 917 916)
4(916 917 919 918)
4(918 919 921 920)
4(920 921 923 922)
4(922 923 925 924)
4(924 925 927 926)
4(926 927 929 928)
4(928 929 931 930)
4(930 931 933 932)
4(932 933 935 934)
4(934 935 937 936)
4(936 937 939 938)
4(938 939 941 940)
4(940 941 943 942)
4(942 943 945 944)
4(944 945 947 946)
4(946 947 949 948)
4(948 949 951 950)
4(950 951 953 952)
4(952 953 955 954)
4(954 955 957 956)
4(956 957 959 958)
4(958 959 961 960)
4(960 961 963 962)
4(962 963 965 964)
4(964 965 967 966)
4(966 967 969 968)
4(968 969 971 970)
4(970 971 973 972)
4(972 973 975 974)
4(974 975 977 976)
4(976 977 979 978)
4(978 979 981 980)
4(980 981 983 982)
4(982 983 985 984)
4(984 985 987 986)
4(986 987 989 988)
4(988 989 991 990)
4(990 991 993 992)
4(992 993 995 994)
4(994 995 997 996)
4(996 997 999 998)
4(998 999 1001 1000)
4(1000 1001 1003 1002)
4(1002 1003 1005 1004)
4(1004 1005 1007 1006)
4(1006 1007 1009 1008)
4(1008 1009 1011 1010)
4(1010 1011 1013 1012)
4(1012 1013 1015 1014)
4(1014 1015 1017 1016)
4(1016 1017 1019 1018)
4(1018 1019 1021 1020)
4(1020 1021 1023 1022)
4(1022 1023 1025 1024)
4(1024 1025 1027 1026)
4(1026 1027 1029 1028)
4(1028 1029 1031 1030)
4(1030 1031 1033 1032)
4(1032 1033 1035 1034)
4(1034 1035 1037 1036)
4(1036 1037 1039 1038)
4(1038 1039 1041 1040)
4(1040 1041 1043 1042)
4(1042 1043 1045 1044)
4(1044 1045 1047 1046)
4(1046 1047 1049 1048)
4(1048 1049 1051 1050)
4(1050 1051 1053 1052)
4(1052 1053 1055 1054)
4(1054 1055 1057 1056)
4(1056 1057 1059 1058)
4(1058 1059 1061 1060)
4(1060 1061 1063 1062)
4(1062 1063 1065 1064)
4(1064 1065 1067 1066)
4(1066 1067 1069 1068)
4(1068 1069 1071 1070)
4(1070 1071 1073 1072)
4(1072 1073 1075 1074)
4(1074 1075 1077 1076)
4(1076 1077 1079 1078)
4(1078 1079 1081 1080)
4(1080 1081 1083 1082)
4(1082 1083 1085 1084)
4(1084 1085 1087 1086)
4(1086 1087 1089 1088)
4(1088 1089 1091 1090)
4(1090 1091 1093 1092)
4(1092 1093 1095 1094)
4(1094 1095 1097 1096)
4(1096 1097 1099 1098)
4(1098 1099 1101 1100)
4(1100 1101 1103 1102)
4(1102 1103 1105 1104)
4(1104 1105 1107 1106)
4(1106 1107 1109 1108)
4(1108 1109 1111 1110)
4(1110 1111 1113 1112)
4(1112 1113 1115 1114)
4(1114 1115 1117 1116)
4(1116 1117 1119 1118)
4(1118 1119 1121 1120)
4(1120 1121 1123 1122)
4(1122 1123 1125 1124)
4(1124 1125 1127 1126)
4(1126 1127 1129 1128)
4(1128 1129 1131 1130)
4(1130 1131 1133 1132)
4(1132 1133 1135 1134)
4(1134 1135 1137 1136)
4(1136 1137 1139 1138)
4(1138 1139 1141 1140)
4(1140 1141 1143 1142)
4(1142 1143 1145 1144)
4(1144 1145 1147 1146)
4(1146 1147 1149 1148)
4(1148 1149 1151 1150)
4(1150 1151 1153 1152)
4(1152 1153 1155 1154)
4(1154 1155 1157 1156)
4(1156 1157 1159 1158)
4(1158 1159 1161 1160)
4(1160 1161 1163 1162)
4(1162 1163 1165 1164)
4(1164 1165 1167 1166)
4(1166 1167 1169 1168)
4(1168 1169 1171 1170)
4(1170 1171 1173 1172)
4(1172 1173 1175 1174)
4(1174 1175 1177 1176)
4(1176 1177 1179 1178)
4(1178 1179 1181 1180)
4(1180 1181 1183 1182)
4(1182 1183 1185 1184)
4(1184 1185 1187 1186)
4(1186 1187 1189 1188)
4(1188 1189 1191 1190)
4(1190 1191 1193 1192)
4(1192 1193 1195 1194)
4(1194 1195 1197 1196)
4(1196 1197 1199 1198)
4(1198 1199 1201 1200)
4(1200 1201 1203 1202)
4(1202 1203 1205 1204)
4(1204 1205 1207 1206)
4(1206 1207 1209 1208)
4(1208 1209 1211 1210)
4(1210 1211 1213 1212)
4(1212 1213 1215 1214)
4(1214 1215 1217 1216)
4(1216 1217 1219 1218)
4(1218 1219 1221 1220)
4(1220 1221 1223 1222)
4(1222 1223 1225 1224)
4(1224 1225 1227 1226)
4(1226 1227 1229 1228)
4(1228 1229 1231 1230)
4(1230 1231 1233 1232)
4(1232 1233 1235 1234)
4(1234 1235 1237 1236)
4(1236 1237 1239 1238)
4(1238 1239 1241 1240)
4(1240 1241 1243 1242)
4(1242 1243 1245 1244)
4(1244 1245 1247 1246)
4(1246 1247 1249 1248)
4(1248 1249 1251 1250)
4(1250 1251 1253 1252)
4(1252 1253 1255 1254)
4(1254 1255 1257 1256)
4(1256 1257 1259 1258)
4(1258 1259 1261 1260)
4(1260 1261 1263 1262)
4(1262 1263 1265 1264)
4(1264 1265 1267 1266)
4(1266 1267 1269 1268)
4(1268 1269 1271 1270)
4(1270 1271 1273 1272)
4(1272 1273 1275 1274)
4(1274 1275 1277 1276)
4(1276 1277 1279 1278)
4(1278 1279 1281 1280)
4(1280 1281 1283 1282)
)


// ************************************************************************* //
