/*--------------------------------*- C++ -*----------------------------------*\
| =========                 |                                                 |
| \\      /  F ield         | OpenFOAM: The Open Source CFD Toolbox           |
|  \\    /   O peration     | Version:  2412                                  |
|   \\  /    A nd           | Website:  www.openfoam.com                      |
|    \\/     M anipulation  |                                                 |
\*---------------------------------------------------------------------------*/
FoamFile
{
    version     2.0;
    format      ascii;
    arch        "LSB;label=32;scalar=64";
    class       vectorField;
    location    "constant/polyMesh";
    object      points;
}
// * * * * * * * * * * * * * * * * * * * * * * * * * * * * * * * * * * * * * //


1284
(
(0 0 0)
(0.1 0 0)
(0 0.003125 0)
(0.1 0.003125 0)
(0 0.00625 0)
(0.1 0.00625 0)
(0 0.009375 0)
(0.1 0.009375 0)
(0 0.0125 0)
(0.1 0.0125 0)
(0 0.015625 0)
(0.1 0.015625 0)
(0 0.01875 0)
(0.1 0.01875 0)
(0 0.021875 0)
(0.1 0.021875 0)
(0 0.025 0)
(0.1 0.025 0)
(0 0.028125 0)
(0.1 0.028125 0)
(0 0.03125 0)
(0.1 0.03125 0)
(0 0.034375 0)
(0.1 0.034375 0)
(0 0.0375 0)
(0.1 0.0375 0)
(0 0.040625 0)
(0.1 0.040625 0)
(0 0.04375 0)
(0.1 0.04375 0)
(0 0.046875 0)
(0.1 0.046875 0)
(0 0.05 0)
(0.1 0.05 0)
(0 0.053125 0)
(0.1 0.053125 0)
(0 0.05625 0)
(0.1 0.05625 0)
(0 0.059375 0)
(0.1 0.059375 0)
(0 0.0625 0)
(0.1 0.0625 0)
(0 0.065625 0)
(0.1 0.065625 0)
(0 0.06875 0)
(0.1 0.06875 0)
(0 0.071875 0)
(0.1 0.071875 0)
(0 0.075 0)
(0.1 0.075 0)
(0 0.078125 0)
(0.1 0.078125 0)
(0 0.08125 0)
(0.1 0.08125 0)
(0 0.084375 0)
(0.1 0.084375 0)
(0 0.0875 0)
(0.1 0.0875 0)
(0 0.090625 0)
(0.1 0.090625 0)
(0 0.09375 0)
(0.1 0.09375 0)
(0 0.096875 0)
(0.1 0.096875 0)
(0 0.1 0)
(0.1 0.1 0)
(0 0.103125 0)
(0.1 0.103125 0)
(0 0.10625 0)
(0.1 0.10625 0)
(0 0.109375 0)
(0.1 0.109375 0)
(0 0.1125 0)
(0.1 0.1125 0)
(0 0.115625 0)
(0.1 0.115625 0)
(0 0.11875 0)
(0.1 0.11875 0)
(0 0.121875 0)
(0.1 0.121875 0)
(0 0.125 0)
(0.1 0.125 0)
(0 0.128125 0)
(0.1 0.128125 0)
(0 0.13125 0)
(0.1 0.13125 0)
(0 0.134375 0)
(0.1 0.134375 0)
(0 0.1375 0)
(0.1 0.1375 0)
(0 0.140625 0)
(0.1 0.140625 0)
(0 0.14375 0)
(0.1 0.14375 0)
(0 0.146875 0)
(0.1 0.146875 0)
(0 0.15 0)
(0.1 0.15 0)
(0 0.153125 0)
(0.1 0.153125 0)
(0 0.15625 0)
(0.1 0.15625 0)
(0 0.159375 0)
(0.1 0.159375 0)
(0 0.1625 0)
(0.1 0.1625 0)
(0 0.165625 0)
(0.1 0.165625 0)
(0 0.16875 0)
(0.1 0.16875 0)
(0 0.171875 0)
(0.1 0.171875 0)
(0 0.175 0)
(0.1 0.175 0)
(0 0.178125 0)
(0.1 0.178125 0)
(0 0.18125 0)
(0.1 0.18125 0)
(0 0.184375 0)
(0.1 0.184375 0)
(0 0.1875 0)
(0.1 0.1875 0)
(0 0.190625 0)
(0.1 0.190625 0)
(0 0.19375 0)
(0.1 0.19375 0)
(0 0.196875 0)
(0.1 0.196875 0)
(0 0.2 0)
(0.1 0.2 0)
(0 0.203125 0)
(0.1 0.203125 0)
(0 0.20625 0)
(0.1 0.20625 0)
(0 0.209375 0)
(0.1 0.209375 0)
(0 0.2125 0)
(0.1 0.2125 0)
(0 0.215625 0)
(0.1 0.215625 0)
(0 0.21875 0)
(0.1 0.21875 0)
(0 0.221875 0)
(0.1 0.221875 0)
(0 0.225 0)
(0.1 0.225 0)
(0 0.228125 0)
(0.1 0.228125 0)
(0 0.23125 0)
(0.1 0.23125 0)
(0 0.234375 0)
(0.1 0.234375 0)
(0 0.2375 0)
(0.1 0.2375 0)
(0 0.240625 0)
(0.1 0.240625 0)
(0 0.24375 0)
(0.1 0.24375 0)
(0 0.246875 0)
(0.1 0.246875 0)
(0 0.25 0)
(0.1 0.25 0)
(0 0.253125 0)
(0.1 0.253125 0)
(0 0.25625 0)
(0.1 0.25625 0)
(0 0.259375 0)
(0.1 0.259375 0)
(0 0.2625 0)
(0.1 0.2625 0)
(0 0.265625 0)
(0.1 0.265625 0)
(0 0.26875 0)
(0.1 0.26875 0)
(0 0.271875 0)
(0.1 0.271875 0)
(0 0.275 0)
(0.1 0.275 0)
(0 0.278125 0)
(0.1 0.278125 0)
(0 0.28125 0)
(0.1 0.28125 0)
(0 0.284375 0)
(0.1 0.284375 0)
(0 0.2875 0)
(0.1 0.2875 0)
(0 0.290625 0)
(0.1 0.290625 0)
(0 0.29375 0)
(0.1 0.29375 0)
(0 0.296875 0)
(0.1 0.296875 0)
(0 0.3 0)
(0.1 0.3 0)
(0 0.303125 0)
(0.1 0.303125 0)
(0 0.30625 0)
(0.1 0.30625 0)
(0 0.309375 0)
(0.1 0.309375 0)
(0 0.3125 0)
(0.1 0.3125 0)
(0 0.315625 0)
(0.1 0.315625 0)
(0 0.31875 0)
(0.1 0.31875 0)
(0 0.321875 0)
(0.1 0.321875 0)
(0 0.325 0)
(0.1 0.325 0)
(0 0.328125 0)
(0.1 0.328125 0)
(0 0.33125 0)
(0.1 0.33125 0)
(0 0.334375 0)
(0.1 0.334375 0)
(0 0.3375 0)
(0.1 0.3375 0)
(0 0.340625 0)
(0.1 0.340625 0)
(0 0.34375 0)
(0.1 0.34375 0)
(0 0.346875 0)
(0.1 0.346875 0)
(0 0.35 0)
(0.1 0.35 0)
(0 0.353125 0)
(0.1 0.353125 0)
(0 0.35625 0)
(0.1 0.35625 0)
(0 0.359375 0)
(0.1 0.359375 0)
(0 0.3625 0)
(0.1 0.3625 0)
(0 0.365625 0)
(0.1 0.365625 0)
(0 0.36875 0)
(0.1 0.36875 0)
(0 0.371875 0)
(0.1 0.371875 0)
(0 0.375 0)
(0.1 0.375 0)
(0 0.378125 0)
(0.1 0.378125 0)
(0 0.38125 0)
(0.1 0.38125 0)
(0 0.384375 0)
(0.1 0.384375 0)
(0 0.3875 0)
(0.1 0.3875 0)
(0 0.390625 0)
(0.1 0.390625 0)
(0 0.39375 0)
(0.1 0.39375 0)
(0 0.396875 0)
(0.1 0.396875 0)
(0 0.4 0)
(0.1 0.4 0)
(0 0.403125 0)
(0.1 0.403125 0)
(0 0.40625 0)
(0.1 0.40625 0)
(0 0.409375 0)
(0.1 0.409375 0)
(0 0.4125 0)
(0.1 0.4125 0)
(0 0.415625 0)
(0.1 0.415625 0)
(0 0.41875 0)
(0.1 0.41875 0)
(0 0.421875 0)
(0.1 0.421875 0)
(0 0.425 0)
(0.1 0.425 0)
(0 0.428125 0)
(0.1 0.428125 0)
(0 0.43125 0)
(0.1 0.43125 0)
(0 0.434375 0)
(0.1 0.434375 0)
(0 0.4375 0)
(0.1 0.4375 0)
(0 0.440625 0)
(0.1 0.440625 0)
(0 0.44375 0)
(0.1 0.44375 0)
(0 0.446875 0)
(0.1 0.446875 0)
(0 0.45 0)
(0.1 0.45 0)
(0 0.453125 0)
(0.1 0.453125 0)
(0 0.45625 0)
(0.1 0.45625 0)
(0 0.459375 0)
(0.1 0.459375 0)
(0 0.4625 0)
(0.1 0.4625 0)
(0 0.465625 0)
(0.1 0.465625 0)
(0 0.46875 0)
(0.1 0.46875 0)
(0 0.471875 0)
(0.1 0.471875 0)
(0 0.475 0)
(0.1 0.475 0)
(0 0.478125 0)
(0.1 0.478125 0)
(0 0.48125 0)
(0.1 0.48125 0)
(0 0.484375 0)
(0.1 0.484375 0)
(0 0.4875 0)
(0.1 0.4875 0)
(0 0.490625 0)
(0.1 0.490625 0)
(0 0.49375 0)
(0.1 0.49375 0)
(0 0.496875 0)
(0.1 0.496875 0)
(0 0.5 0)
(0.1 0.5 0)
(0 0.503125 0)
(0.1 0.503125 0)
(0 0.50625 0)
(0.1 0.50625 0)
(0 0.509375 0)
(0.1 0.509375 0)
(0 0.5125 0)
(0.1 0.5125 0)
(0 0.515625 0)
(0.1 0.515625 0)
(0 0.51875 0)
(0.1 0.51875 0)
(0 0.521875 0)
(0.1 0.521875 0)
(0 0.525 0)
(0.1 0.525 0)
(0 0.528125 0)
(0.1 0.528125 0)
(0 0.53125 0)
(0.1 0.53125 0)
(0 0.534375 0)
(0.1 0.534375 0)
(0 0.5375 0)
(0.1 0.5375 0)
(0 0.540625 0)
(0.1 0.540625 0)
(0 0.54375 0)
(0.1 0.54375 0)
(0 0.546875 0)
(0.1 0.546875 0)
(0 0.55 0)
(0.1 0.55 0)
(0 0.553125 0)
(0.1 0.553125 0)
(0 0.55625 0)
(0.1 0.55625 0)
(0 0.559375 0)
(0.1 0.559375 0)
(0 0.5625 0)
(0.1 0.5625 0)
(0 0.565625 0)
(0.1 0.565625 0)
(0 0.56875 0)
(0.1 0.56875 0)
(0 0.571875 0)
(0.1 0.571875 0)
(0 0.575 0)
(0.1 0.575 0)
(0 0.578125 0)
(0.1 0.578125 0)
(0 0.58125 0)
(0.1 0.58125 0)
(0 0.584375 0)
(0.1 0.584375 0)
(0 0.5875 0)
(0.1 0.5875 0)
(0 0.590625 0)
(0.1 0.590625 0)
(0 0.59375 0)
(0.1 0.59375 0)
(0 0.596875 0)
(0.1 0.596875 0)
(0 0.6 0)
(0.1 0.6 0)
(0 0.603125 0)
(0.1 0.603125 0)
(0 0.60625 0)
(0.1 0.60625 0)
(0 0.609375 0)
(0.1 0.609375 0)
(0 0.6125 0)
(0.1 0.6125 0)
(0 0.615625 0)
(0.1 0.615625 0)
(0 0.61875 0)
(0.1 0.61875 0)
(0 0.621875 0)
(0.1 0.621875 0)
(0 0.625 0)
(0.1 0.625 0)
(0 0.628125 0)
(0.1 0.628125 0)
(0 0.63125 0)
(0.1 0.63125 0)
(0 0.634375 0)
(0.1 0.634375 0)
(0 0.6375 0)
(0.1 0.6375 0)
(0 0.640625 0)
(0.1 0.640625 0)
(0 0.64375 0)
(0.1 0.64375 0)
(0 0.646875 0)
(0.1 0.646875 0)
(0 0.65 0)
(0.1 0.65 0)
(0 0.653125 0)
(0.1 0.653125 0)
(0 0.65625 0)
(0.1 0.65625 0)
(0 0.659375 0)
(0.1 0.659375 0)
(0 0.6625 0)
(0.1 0.6625 0)
(0 0.665625 0)
(0.1 0.665625 0)
(0 0.66875 0)
(0.1 0.66875 0)
(0 0.671875 0)
(0.1 0.671875 0)
(0 0.675 0)
(0.1 0.675 0)
(0 0.678125 0)
(0.1 0.678125 0)
(0 0.68125 0)
(0.1 0.68125 0)
(0 0.684375 0)
(0.1 0.684375 0)
(0 0.6875 0)
(0.1 0.6875 0)
(0 0.690625 0)
(0.1 0.690625 0)
(0 0.69375 0)
(0.1 0.69375 0)
(0 0.696875 0)
(0.1 0.696875 0)
(0 0.7 0)
(0.1 0.7 0)
(0 0.703125 0)
(0.1 0.703125 0)
(0 0.70625 0)
(0.1 0.70625 0)
(0 0.709375 0)
(0.1 0.709375 0)
(0 0.7125 0)
(0.1 0.7125 0)
(0 0.715625 0)
(0.1 0.715625 0)
(0 0.71875 0)
(0.1 0.71875 0)
(0 0.721875 0)
(0.1 0.721875 0)
(0 0.725 0)
(0.1 0.725 0)
(0 0.728125 0)
(0.1 0.728125 0)
(0 0.73125 0)
(0.1 0.73125 0)
(0 0.734375 0)
(0.1 0.734375 0)
(0 0.7375 0)
(0.1 0.7375 0)
(0 0.740625 0)
(0.1 0.740625 0)
(0 0.74375 0)
(0.1 0.74375 0)
(0 0.746875 0)
(0.1 0.746875 0)
(0 0.75 0)
(0.1 0.75 0)
(0 0.753125 0)
(0.1 0.753125 0)
(0 0.75625 0)
(0.1 0.75625 0)
(0 0.759375 0)
(0.1 0.759375 0)
(0 0.7625 0)
(0.1 0.7625 0)
(0 0.765625 0)
(0.1 0.765625 0)
(0 0.76875 0)
(0.1 0.76875 0)
(0 0.771875 0)
(0.1 0.771875 0)
(0 0.775 0)
(0.1 0.775 0)
(0 0.778125 0)
(0.1 0.778125 0)
(0 0.78125 0)
(0.1 0.78125 0)
(0 0.784375 0)
(0.1 0.784375 0)
(0 0.7875 0)
(0.1 0.7875 0)
(0 0.790625 0)
(0.1 0.790625 0)
(0 0.79375 0)
(0.1 0.79375 0)
(0 0.796875 0)
(0.1 0.796875 0)
(0 0.8 0)
(0.1 0.8 0)
(0 0.803125 0)
(0.1 0.803125 0)
(0 0.80625 0)
(0.1 0.80625 0)
(0 0.809375 0)
(0.1 0.809375 0)
(0 0.8125 0)
(0.1 0.8125 0)
(0 0.815625 0)
(0.1 0.815625 0)
(0 0.81875 0)
(0.1 0.81875 0)
(0 0.821875 0)
(0.1 0.821875 0)
(0 0.825 0)
(0.1 0.825 0)
(0 0.828125 0)
(0.1 0.828125 0)
(0 0.83125 0)
(0.1 0.83125 0)
(0 0.834375 0)
(0.1 0.834375 0)
(0 0.8375 0)
(0.1 0.8375 0)
(0 0.840625 0)
(0.1 0.840625 0)
(0 0.84375 0)
(0.1 0.84375 0)
(0 0.846875 0)
(0.1 0.846875 0)
(0 0.85 0)
(0.1 0.85 0)
(0 0.853125 0)
(0.1 0.853125 0)
(0 0.85625 0)
(0.1 0.85625 0)
(0 0.859375 0)
(0.1 0.859375 0)
(0 0.8625 0)
(0.1 0.8625 0)
(0 0.865625 0)
(0.1 0.865625 0)
(0 0.86875 0)
(0.1 0.86875 0)
(0 0.871875 0)
(0.1 0.871875 0)
(0 0.875 0)
(0.1 0.875 0)
(0 0.878125 0)
(0.1 0.878125 0)
(0 0.88125 0)
(0.1 0.88125 0)
(0 0.884375 0)
(0.1 0.884375 0)
(0 0.8875 0)
(0.1 0.8875 0)
(0 0.890625 0)
(0.1 0.890625 0)
(0 0.89375 0)
(0.1 0.89375 0)
(0 0.896875 0)
(0.1 0.896875 0)
(0 0.9 0)
(0.1 0.9 0)
(0 0.903125 0)
(0.1 0.903125 0)
(0 0.90625 0)
(0.1 0.90625 0)
(0 0.909375 0)
(0.1 0.909375 0)
(0 0.9125 0)
(0.1 0.9125 0)
(0 0.915625 0)
(0.1 0.915625 0)
(0 0.91875 0)
(0.1 0.91875 0)
(0 0.921875 0)
(0.1 0.921875 0)
(0 0.925 0)
(0.1 0.925 0)
(0 0.928125 0)
(0.1 0.928125 0)
(0 0.93125 0)
(0.1 0.93125 0)
(0 0.934375 0)
(0.1 0.934375 0)
(0 0.9375 0)
(0.1 0.9375 0)
(0 0.940625 0)
(0.1 0.940625 0)
(0 0.94375 0)
(0.1 0.94375 0)
(0 0.946875 0)
(0.1 0.946875 0)
(0 0.95 0)
(0.1 0.95 0)
(0 0.953125 0)
(0.1 0.953125 0)
(0 0.95625 0)
(0.1 0.95625 0)
(0 0.959375 0)
(0.1 0.959375 0)
(0 0.9625 0)
(0.1 0.9625 0)
(0 0.965625 0)
(0.1 0.965625 0)
(0 0.96875 0)
(0.1 0.96875 0)
(0 0.971875 0)
(0.1 0.971875 0)
(0 0.975 0)
(0.1 0.975 0)
(0 0.978125 0)
(0.1 0.978125 0)
(0 0.98125 0)
(0.1 0.98125 0)
(0 0.984375 0)
(0.1 0.984375 0)
(0 0.9875 0)
(0.1 0.9875 0)
(0 0.990625 0)
(0.1 0.990625 0)
(0 0.99375 0)
(0.1 0.99375 0)
(0 0.996875 0)
(0.1 0.996875 0)
(0 1 0)
(0.1 1 0)
(0 0 0.1)
(0.1 0 0.1)
(0 0.003125 0.1)
(0.1 0.003125 0.1)
(0 0.00625 0.1)
(0.1 0.00625 0.1)
(0 0.009375 0.1)
(0.1 0.009375 0.1)
(0 0.0125 0.1)
(0.1 0.0125 0.1)
(0 0.015625 0.1)
(0.1 0.015625 0.1)
(0 0.01875 0.1)
(0.1 0.01875 0.1)
(0 0.021875 0.1)
(0.1 0.021875 0.1)
(0 0.025 0.1)
(0.1 0.025 0.1)
(0 0.028125 0.1)
(0.1 0.028125 0.1)
(0 0.03125 0.1)
(0.1 0.03125 0.1)
(0 0.034375 0.1)
(0.1 0.034375 0.1)
(0 0.0375 0.1)
(0.1 0.0375 0.1)
(0 0.040625 0.1)
(0.1 0.040625 0.1)
(0 0.04375 0.1)
(0.1 0.04375 0.1)
(0 0.046875 0.1)
(0.1 0.046875 0.1)
(0 0.05 0.1)
(0.1 0.05 0.1)
(0 0.053125 0.1)
(0.1 0.053125 0.1)
(0 0.05625 0.1)
(0.1 0.05625 0.1)
(0 0.059375 0.1)
(0.1 0.059375 0.1)
(0 0.0625 0.1)
(0.1 0.0625 0.1)
(0 0.065625 0.1)
(0.1 0.065625 0.1)
(0 0.06875 0.1)
(0.1 0.06875 0.1)
(0 0.071875 0.1)
(0.1 0.071875 0.1)
(0 0.075 0.1)
(0.1 0.075 0.1)
(0 0.078125 0.1)
(0.1 0.078125 0.1)
(0 0.08125 0.1)
(0.1 0.08125 0.1)
(0 0.084375 0.1)
(0.1 0.084375 0.1)
(0 0.0875 0.1)
(0.1 0.0875 0.1)
(0 0.090625 0.1)
(0.1 0.090625 0.1)
(0 0.09375 0.1)
(0.1 0.09375 0.1)
(0 0.096875 0.1)
(0.1 0.096875 0.1)
(0 0.1 0.1)
(0.1 0.1 0.1)
(0 0.103125 0.1)
(0.1 0.103125 0.1)
(0 0.10625 0.1)
(0.1 0.10625 0.1)
(0 0.109375 0.1)
(0.1 0.109375 0.1)
(0 0.1125 0.1)
(0.1 0.1125 0.1)
(0 0.115625 0.1)
(0.1 0.115625 0.1)
(0 0.11875 0.1)
(0.1 0.11875 0.1)
(0 0.121875 0.1)
(0.1 0.121875 0.1)
(0 0.125 0.1)
(0.1 0.125 0.1)
(0 0.128125 0.1)
(0.1 0.128125 0.1)
(0 0.13125 0.1)
(0.1 0.13125 0.1)
(0 0.134375 0.1)
(0.1 0.134375 0.1)
(0 0.1375 0.1)
(0.1 0.1375 0.1)
(0 0.140625 0.1)
(0.1 0.140625 0.1)
(0 0.14375 0.1)
(0.1 0.14375 0.1)
(0 0.146875 0.1)
(0.1 0.146875 0.1)
(0 0.15 0.1)
(0.1 0.15 0.1)
(0 0.153125 0.1)
(0.1 0.153125 0.1)
(0 0.15625 0.1)
(0.1 0.15625 0.1)
(0 0.159375 0.1)
(0.1 0.159375 0.1)
(0 0.1625 0.1)
(0.1 0.1625 0.1)
(0 0.165625 0.1)
(0.1 0.165625 0.1)
(0 0.16875 0.1)
(0.1 0.16875 0.1)
(0 0.171875 0.1)
(0.1 0.171875 0.1)
(0 0.175 0.1)
(0.1 0.175 0.1)
(0 0.178125 0.1)
(0.1 0.178125 0.1)
(0 0.18125 0.1)
(0.1 0.18125 0.1)
(0 0.184375 0.1)
(0.1 0.184375 0.1)
(0 0.1875 0.1)
(0.1 0.1875 0.1)
(0 0.190625 0.1)
(0.1 0.190625 0.1)
(0 0.19375 0.1)
(0.1 0.19375 0.1)
(0 0.196875 0.1)
(0.1 0.196875 0.1)
(0 0.2 0.1)
(0.1 0.2 0.1)
(0 0.203125 0.1)
(0.1 0.203125 0.1)
(0 0.20625 0.1)
(0.1 0.20625 0.1)
(0 0.209375 0.1)
(0.1 0.209375 0.1)
(0 0.2125 0.1)
(0.1 0.2125 0.1)
(0 0.215625 0.1)
(0.1 0.215625 0.1)
(0 0.21875 0.1)
(0.1 0.21875 0.1)
(0 0.221875 0.1)
(0.1 0.221875 0.1)
(0 0.225 0.1)
(0.1 0.225 0.1)
(0 0.228125 0.1)
(0.1 0.228125 0.1)
(0 0.23125 0.1)
(0.1 0.23125 0.1)
(0 0.234375 0.1)
(0.1 0.234375 0.1)
(0 0.2375 0.1)
(0.1 0.2375 0.1)
(0 0.240625 0.1)
(0.1 0.240625 0.1)
(0 0.24375 0.1)
(0.1 0.24375 0.1)
(0 0.246875 0.1)
(0.1 0.246875 0.1)
(0 0.25 0.1)
(0.1 0.25 0.1)
(0 0.253125 0.1)
(0.1 0.253125 0.1)
(0 0.25625 0.1)
(0.1 0.25625 0.1)
(0 0.259375 0.1)
(0.1 0.259375 0.1)
(0 0.2625 0.1)
(0.1 0.2625 0.1)
(0 0.265625 0.1)
(0.1 0.265625 0.1)
(0 0.26875 0.1)
(0.1 0.26875 0.1)
(0 0.271875 0.1)
(0.1 0.271875 0.1)
(0 0.275 0.1)
(0.1 0.275 0.1)
(0 0.278125 0.1)
(0.1 0.278125 0.1)
(0 0.28125 0.1)
(0.1 0.28125 0.1)
(0 0.284375 0.1)
(0.1 0.284375 0.1)
(0 0.2875 0.1)
(0.1 0.2875 0.1)
(0 0.290625 0.1)
(0.1 0.290625 0.1)
(0 0.29375 0.1)
(0.1 0.29375 0.1)
(0 0.296875 0.1)
(0.1 0.296875 0.1)
(0 0.3 0.1)
(0.1 0.3 0.1)
(0 0.303125 0.1)
(0.1 0.303125 0.1)
(0 0.30625 0.1)
(0.1 0.30625 0.1)
(0 0.309375 0.1)
(0.1 0.309375 0.1)
(0 0.3125 0.1)
(0.1 0.3125 0.1)
(0 0.315625 0.1)
(0.1 0.315625 0.1)
(0 0.31875 0.1)
(0.1 0.31875 0.1)
(0 0.321875 0.1)
(0.1 0.321875 0.1)
(0 0.325 0.1)
(0.1 0.325 0.1)
(0 0.328125 0.1)
(0.1 0.328125 0.1)
(0 0.33125 0.1)
(0.1 0.33125 0.1)
(0 0.334375 0.1)
(0.1 0.334375 0.1)
(0 0.3375 0.1)
(0.1 0.3375 0.1)
(0 0.340625 0.1)
(0.1 0.340625 0.1)
(0 0.34375 0.1)
(0.1 0.34375 0.1)
(0 0.346875 0.1)
(0.1 0.346875 0.1)
(0 0.35 0.1)
(0.1 0.35 0.1)
(0 0.353125 0.1)
(0.1 0.353125 0.1)
(0 0.35625 0.1)
(0.1 0.35625 0.1)
(0 0.359375 0.1)
(0.1 0.359375 0.1)
(0 0.3625 0.1)
(0.1 0.3625 0.1)
(0 0.365625 0.1)
(0.1 0.365625 0.1)
(0 0.36875 0.1)
(0.1 0.36875 0.1)
(0 0.371875 0.1)
(0.1 0.371875 0.1)
(0 0.375 0.1)
(0.1 0.375 0.1)
(0 0.378125 0.1)
(0.1 0.378125 0.1)
(0 0.38125 0.1)
(0.1 0.38125 0.1)
(0 0.384375 0.1)
(0.1 0.384375 0.1)
(0 0.3875 0.1)
(0.1 0.3875 0.1)
(0 0.390625 0.1)
(0.1 0.390625 0.1)
(0 0.39375 0.1)
(0.1 0.39375 0.1)
(0 0.396875 0.1)
(0.1 0.396875 0.1)
(0 0.4 0.1)
(0.1 0.4 0.1)
(0 0.403125 0.1)
(0.1 0.403125 0.1)
(0 0.40625 0.1)
(0.1 0.40625 0.1)
(0 0.409375 0.1)
(0.1 0.409375 0.1)
(0 0.4125 0.1)
(0.1 0.4125 0.1)
(0 0.415625 0.1)
(0.1 0.415625 0.1)
(0 0.41875 0.1)
(0.1 0.41875 0.1)
(0 0.421875 0.1)
(0.1 0.421875 0.1)
(0 0.425 0.1)
(0.1 0.425 0.1)
(0 0.428125 0.1)
(0.1 0.428125 0.1)
(0 0.43125 0.1)
(0.1 0.43125 0.1)
(0 0.434375 0.1)
(0.1 0.434375 0.1)
(0 0.4375 0.1)
(0.1 0.4375 0.1)
(0 0.440625 0.1)
(0.1 0.440625 0.1)
(0 0.44375 0.1)
(0.1 0.44375 0.1)
(0 0.446875 0.1)
(0.1 0.446875 0.1)
(0 0.45 0.1)
(0.1 0.45 0.1)
(0 0.453125 0.1)
(0.1 0.453125 0.1)
(0 0.45625 0.1)
(0.1 0.45625 0.1)
(0 0.459375 0.1)
(0.1 0.459375 0.1)
(0 0.4625 0.1)
(0.1 0.4625 0.1)
(0 0.465625 0.1)
(0.1 0.465625 0.1)
(0 0.46875 0.1)
(0.1 0.46875 0.1)
(0 0.471875 0.1)
(0.1 0.471875 0.1)
(0 0.475 0.1)
(0.1 0.475 0.1)
(0 0.478125 0.1)
(0.1 0.478125 0.1)
(0 0.48125 0.1)
(0.1 0.48125 0.1)
(0 0.484375 0.1)
(0.1 0.484375 0.1)
(0 0.4875 0.1)
(0.1 0.4875 0.1)
(0 0.490625 0.1)
(0.1 0.490625 0.1)
(0 0.49375 0.1)
(0.1 0.49375 0.1)
(0 0.496875 0.1)
(0.1 0.496875 0.1)
(0 0.5 0.1)
(0.1 0.5 0.1)
(0 0.503125 0.1)
(0.1 0.503125 0.1)
(0 0.50625 0.1)
(0.1 0.50625 0.1)
(0 0.509375 0.1)
(0.1 0.509375 0.1)
(0 0.5125 0.1)
(0.1 0.5125 0.1)
(0 0.515625 0.1)
(0.1 0.515625 0.1)
(0 0.51875 0.1)
(0.1 0.51875 0.1)
(0 0.521875 0.1)
(0.1 0.521875 0.1)
(0 0.525 0.1)
(0.1 0.525 0.1)
(0 0.528125 0.1)
(0.1 0.528125 0.1)
(0 0.53125 0.1)
(0.1 0.53125 0.1)
(0 0.534375 0.1)
(0.1 0.534375 0.1)
(0 0.5375 0.1)
(0.1 0.5375 0.1)
(0 0.540625 0.1)
(0.1 0.540625 0.1)
(0 0.54375 0.1)
(0.1 0.54375 0.1)
(0 0.546875 0.1)
(0.1 0.546875 0.1)
(0 0.55 0.1)
(0.1 0.55 0.1)
(0 0.553125 0.1)
(0.1 0.553125 0.1)
(0 0.55625 0.1)
(0.1 0.55625 0.1)
(0 0.559375 0.1)
(0.1 0.559375 0.1)
(0 0.5625 0.1)
(0.1 0.5625 0.1)
(0 0.565625 0.1)
(0.1 0.565625 0.1)
(0 0.56875 0.1)
(0.1 0.56875 0.1)
(0 0.571875 0.1)
(0.1 0.571875 0.1)
(0 0.575 0.1)
(0.1 0.575 0.1)
(0 0.578125 0.1)
(0.1 0.578125 0.1)
(0 0.58125 0.1)
(0.1 0.58125 0.1)
(0 0.584375 0.1)
(0.1 0.584375 0.1)
(0 0.5875 0.1)
(0.1 0.5875 0.1)
(0 0.590625 0.1)
(0.1 0.590625 0.1)
(0 0.59375 0.1)
(0.1 0.59375 0.1)
(0 0.596875 0.1)
(0.1 0.596875 0.1)
(0 0.6 0.1)
(0.1 0.6 0.1)
(0 0.603125 0.1)
(0.1 0.603125 0.1)
(0 0.60625 0.1)
(0.1 0.60625 0.1)
(0 0.609375 0.1)
(0.1 0.609375 0.1)
(0 0.6125 0.1)
(0.1 0.6125 0.1)
(0 0.615625 0.1)
(0.1 0.615625 0.1)
(0 0.61875 0.1)
(0.1 0.61875 0.1)
(0 0.621875 0.1)
(0.1 0.621875 0.1)
(0 0.625 0.1)
(0.1 0.625 0.1)
(0 0.628125 0.1)
(0.1 0.628125 0.1)
(0 0.63125 0.1)
(0.1 0.63125 0.1)
(0 0.634375 0.1)
(0.1 0.634375 0.1)
(0 0.6375 0.1)
(0.1 0.6375 0.1)
(0 0.640625 0.1)
(0.1 0.640625 0.1)
(0 0.64375 0.1)
(0.1 0.64375 0.1)
(0 0.646875 0.1)
(0.1 0.646875 0.1)
(0 0.65 0.1)
(0.1 0.65 0.1)
(0 0.653125 0.1)
(0.1 0.653125 0.1)
(0 0.65625 0.1)
(0.1 0.65625 0.1)
(0 0.659375 0.1)
(0.1 0.659375 0.1)
(0 0.6625 0.1)
(0.1 0.6625 0.1)
(0 0.665625 0.1)
(0.1 0.665625 0.1)
(0 0.66875 0.1)
(0.1 0.66875 0.1)
(0 0.671875 0.1)
(0.1 0.671875 0.1)
(0 0.675 0.1)
(0.1 0.675 0.1)
(0 0.678125 0.1)
(0.1 0.678125 0.1)
(0 0.68125 0.1)
(0.1 0.68125 0.1)
(0 0.684375 0.1)
(0.1 0.684375 0.1)
(0 0.6875 0.1)
(0.1 0.6875 0.1)
(0 0.690625 0.1)
(0.1 0.690625 0.1)
(0 0.69375 0.1)
(0.1 0.69375 0.1)
(0 0.696875 0.1)
(0.1 0.696875 0.1)
(0 0.7 0.1)
(0.1 0.7 0.1)
(0 0.703125 0.1)
(0.1 0.703125 0.1)
(0 0.70625 0.1)
(0.1 0.70625 0.1)
(0 0.709375 0.1)
(0.1 0.709375 0.1)
(0 0.7125 0.1)
(0.1 0.7125 0.1)
(0 0.715625 0.1)
(0.1 0.715625 0.1)
(0 0.71875 0.1)
(0.1 0.71875 0.1)
(0 0.721875 0.1)
(0.1 0.721875 0.1)
(0 0.725 0.1)
(0.1 0.725 0.1)
(0 0.728125 0.1)
(0.1 0.728125 0.1)
(0 0.73125 0.1)
(0.1 0.73125 0.1)
(0 0.734375 0.1)
(0.1 0.734375 0.1)
(0 0.7375 0.1)
(0.1 0.7375 0.1)
(0 0.740625 0.1)
(0.1 0.740625 0.1)
(0 0.74375 0.1)
(0.1 0.74375 0.1)
(0 0.746875 0.1)
(0.1 0.746875 0.1)
(0 0.75 0.1)
(0.1 0.75 0.1)
(0 0.753125 0.1)
(0.1 0.753125 0.1)
(0 0.75625 0.1)
(0.1 0.75625 0.1)
(0 0.759375 0.1)
(0.1 0.759375 0.1)
(0 0.7625 0.1)
(0.1 0.7625 0.1)
(0 0.765625 0.1)
(0.1 0.765625 0.1)
(0 0.76875 0.1)
(0.1 0.76875 0.1)
(0 0.771875 0.1)
(0.1 0.771875 0.1)
(0 0.775 0.1)
(0.1 0.775 0.1)
(0 0.778125 0.1)
(0.1 0.778125 0.1)
(0 0.78125 0.1)
(0.1 0.78125 0.1)
(0 0.784375 0.1)
(0.1 0.784375 0.1)
(0 0.7875 0.1)
(0.1 0.7875 0.1)
(0 0.790625 0.1)
(0.1 0.790625 0.1)
(0 0.79375 0.1)
(0.1 0.79375 0.1)
(0 0.796875 0.1)
(0.1 0.796875 0.1)
(0 0.8 0.1)
(0.1 0.8 0.1)
(0 0.803125 0.1)
(0.1 0.803125 0.1)
(0 0.80625 0.1)
(0.1 0.80625 0.1)
(0 0.809375 0.1)
(0.1 0.809375 0.1)
(0 0.8125 0.1)
(0.1 0.8125 0.1)
(0 0.815625 0.1)
(0.1 0.815625 0.1)
(0 0.81875 0.1)
(0.1 0.81875 0.1)
(0 0.821875 0.1)
(0.1 0.821875 0.1)
(0 0.825 0.1)
(0.1 0.825 0.1)
(0 0.828125 0.1)
(0.1 0.828125 0.1)
(0 0.83125 0.1)
(0.1 0.83125 0.1)
(0 0.834375 0.1)
(0.1 0.834375 0.1)
(0 0.8375 0.1)
(0.1 0.8375 0.1)
(0 0.840625 0.1)
(0.1 0.840625 0.1)
(0 0.84375 0.1)
(0.1 0.84375 0.1)
(0 0.846875 0.1)
(0.1 0.846875 0.1)
(0 0.85 0.1)
(0.1 0.85 0.1)
(0 0.853125 0.1)
(0.1 0.853125 0.1)
(0 0.85625 0.1)
(0.1 0.85625 0.1)
(0 0.859375 0.1)
(0.1 0.859375 0.1)
(0 0.8625 0.1)
(0.1 0.8625 0.1)
(0 0.865625 0.1)
(0.1 0.865625 0.1)
(0 0.86875 0.1)
(0.1 0.86875 0.1)
(0 0.871875 0.1)
(0.1 0.871875 0.1)
(0 0.875 0.1)
(0.1 0.875 0.1)
(0 0.878125 0.1)
(0.1 0.878125 0.1)
(0 0.88125 0.1)
(0.1 0.88125 0.1)
(0 0.884375 0.1)
(0.1 0.884375 0.1)
(0 0.8875 0.1)
(0.1 0.8875 0.1)
(0 0.890625 0.1)
(0.1 0.890625 0.1)
(0 0.89375 0.1)
(0.1 0.89375 0.1)
(0 0.896875 0.1)
(0.1 0.896875 0.1)
(0 0.9 0.1)
(0.1 0.9 0.1)
(0 0.903125 0.1)
(0.1 0.903125 0.1)
(0 0.90625 0.1)
(0.1 0.90625 0.1)
(0 0.909375 0.1)
(0.1 0.909375 0.1)
(0 0.9125 0.1)
(0.1 0.9125 0.1)
(0 0.915625 0.1)
(0.1 0.915625 0.1)
(0 0.91875 0.1)
(0.1 0.91875 0.1)
(0 0.921875 0.1)
(0.1 0.921875 0.1)
(0 0.925 0.1)
(0.1 0.925 0.1)
(0 0.928125 0.1)
(0.1 0.928125 0.1)
(0 0.93125 0.1)
(0.1 0.93125 0.1)
(0 0.934375 0.1)
(0.1 0.934375 0.1)
(0 0.9375 0.1)
(0.1 0.9375 0.1)
(0 0.940625 0.1)
(0.1 0.940625 0.1)
(0 0.94375 0.1)
(0.1 0.94375 0.1)
(0 0.946875 0.1)
(0.1 0.946875 0.1)
(0 0.95 0.1)
(0.1 0.95 0.1)
(0 0.953125 0.1)
(0.1 0.953125 0.1)
(0 0.95625 0.1)
(0.1 0.95625 0.1)
(0 0.959375 0.1)
(0.1 0.959375 0.1)
(0 0.9625 0.1)
(0.1 0.9625 0.1)
(0 0.965625 0.1)
(0.1 0.965625 0.1)
(0 0.96875 0.1)
(0.1 0.96875 0.1)
(0 0.971875 0.1)
(0.1 0.971875 0.1)
(0 0.975 0.1)
(0.1 0.975 0.1)
(0 0.978125 0.1)
(0.1 0.978125 0.1)
(0 0.98125 0.1)
(0.1 0.98125 0.1)
(0 0.984375 0.1)
(0.1 0.984375 0.1)
(0 0.9875 0.1)
(0.1 0.9875 0.1)
(0 0.990625 0.1)
(0.1 0.990625 0.1)
(0 0.99375 0.1)
(0.1 0.99375 0.1)
(0 0.996875 0.1)
(0.1 0.996875 0.1)
(0 1 0.1)
(0.1 1 0.1)
)


// ************************************************************************* //
