#Solid temperature at x [m] from FDM
#time [s]	x=2.5	x=5	x=7.5	x=10
60.0	302.92273765535265	302.936449790453	302.9455582128728	302.95146737514
120.0	305.76401411642115	305.81819358487803	305.85438233631976	305.87794130997645
180.0	308.52640794234895	308.6464211141135	308.72691137803776	308.7794853847625
240.0	311.2124015499915	311.42228326511537	311.56357240418134	311.65616240281537
300.0	313.8243854952624	314.146894435001	314.36478234752855	314.50803615551496
360.0	316.3646624591978	316.8213342751749	317.1309486310803	317.33517154742464
420.0	318.8354510459886	319.44664934138376	319.8624697661471	320.1376347064952
480.0	321.2388893952371	322.02385464327415	322.5597358953576	322.915493080961
540.0	323.577038624835	324.55393511349115	325.22312930736916	325.6688155231634
600.0	325.8518861046448	327.0378469884027	327.85302490580045	328.397672361715
660.0	328.06534857620335	329.47651911316166	330.44979065315994	331.1021354649561
720.0	330.21927512286527	331.8708541735214	333.0137879754744	333.78227829189615
780.0	332.31544999851684	334.22172985534405	335.5453721447184	336.43817593730046
840.0	334.35559532045676	336.52999994257056	338.04489262755664	339.06990516709357
900.0	336.34137363654503	338.79649535082746	340.51269341116705	341.6775444470922
960.0	338.27439036924227	341.02202510338924	342.9491133061006	344.2611739651147
1020.0	340.1561961455736	343.2073772531975	345.35448622532056	346.8208756469857
1080.0	341.98828901687745	345.35331975378807	347.72914144255816	349.35673316743436
1140.0	343.7721165748008	347.4606012807184	350.0734038326643	351.8688319553782
1200.0	345.50907796838743	349.52995200881134	352.3875940917093	354.3572591953995
1260.0	347.20052582833864	351.56208434556726	354.67202894501855	356.8221038249304
1320.0	348.8477681006066	353.55769362505976	356.92702133361837	359.26345652769265
1380.0	350.45206979700964	355.5174587634603	359.1528805908046	361.68140972392945
1440.0	352.0146546648405	357.4420428799517	361.34991260381224	364.076057557522
1500.0	353.5367067804423	359.33209388336627	363.5184199628575	366.4474958805183
1560.0	355.01937207011525	361.1882450276994	365.658702098528	368.7958222353164
1620.0	356.4637597629689	363.01111543812067	367.77105541069795	371.12113583429283
1680.0	357.8709437783057	364.8013106092379	369.8557733824207	373.42353753811295
1740.0	359.2419640498152	366.5594228766002	371.9131466916227	375.70312983168554
1800.0	360.5778277928872	368.2860318664607	373.94346330656964	377.96001679898296
1860.0	361.8795107150974	369.98170491725284	375.9470085811379	380.1943040958955
1920.0	363.1479581725577	371.64699748541943	377.92406533506346	382.406098922787
1980.0	364.38408627714006	373.2824535261531	379.8749139344694	384.59550999475033
2040.0	365.5887829557492	374.88860585753514	381.79983236068284	386.7626475120148
2100.0	366.7629089623457	376.46597650548694	383.6990962752622	388.9076231291033
2160.0	367.90729884860554	378.01507703319777	385.572979081513	391.03054992251214
2220.0	369.02276189213745	379.5364088522156	387.4217519771635	393.1315423589604
2280.0	370.1100829851463	381.03046352121066	389.2456840051134	395.21071626233584
2340.0	371.1700234879102	382.4977230296616	391.04504209923084	397.2681887801421
2400.0	372.2033220435002	383.9386600661049	392.8200911250194	399.3040783499658
2460.0	373.2106953612658	385.3537382785328	394.5710939200761	401.31850466502107
2520.0	374.19283896829023	386.7434125177923	396.29831132557973	403.3115886400566
2580.0	375.15042792769077	388.1081290752642	398.0020022207499	405.28345237651837
2640.0	376.0841175299681	389.44832590477716	399.68242354946625	407.2342191274946
2700.0	376.99454395626003	390.76443283906144	401.3398303473488	409.1640132630477
2760.0	377.88232491550076	392.0568717935365	402.97447576484353	411.07296023507547
2820.0	378.7480602542172	393.3260569655155	404.5866110884594	412.9611865420149
2880.0	379.5923325447783	394.5723950199359	406.17648576070064	414.82881969382225
2940.0	380.4157076500276	395.796285272753	407.7443473968464	416.6759881767954
3000.0	381.2187352646475	396.99811986195033	409.2904418005949	418.5028214184878
3060.0	382.001949438605	398.17828391676693	410.8150129775598	420.3094497525204
3120.0	382.765869076967	399.33715571455616	412.31830314956386	422.09600438393244
3180.0	383.5109984241404	400.47510683814755	413.80055276289204	423.8626173540551
3240.0	384.2378275278264	401.59250232164385	415.2620005016998	425.609421505921
3300.0	384.946832685783	402.68970079413646	416.7028832937406	427.33655044976297
3360.0	385.63847687865444	403.7670546167901	418.12343632150834	429.0441385285568
3420.0	386.3132101805711	404.8249100145468	419.52389302474324	430.7323207839774
3480.0	386.9714701651559	405.8636072066101	420.90448511154125	432.4012329221769
3540.0	387.6136822844096	406.8834805273204	422.26544255946817	434.0510112803431
3600.0	388.2402602449596	407.8848585468252	423.6069936237487	435.68179279291223
3660.0	388.85160636272803	408.8680641862312	424.9293648381905	437.29371495829866
3720.0	389.4481119124267	409.8334148285759	426.2327810214981	438.8869158060951
3780.0	390.03015745444236	410.7812224302863	427.51746527874866	440.46153386417365
3840.0	390.5981131658364	411.7117936202541	428.78363900292436	442.01770812610636
3900.0	391.15233914327877	412.6254298066096	430.03152188171146	443.5555780191099
3960.0	391.69318570134857	413.5224272733628	431.26133189414213	445.07528337208396
4020.0	392.22099367522543	414.40307727531035	432.4732853155227	446.5769643841315
4080.0	392.73609467947523	415.2676661327249	433.66759671884955	448.06076159308594
4140.0	393.23881140865126	416.11647531915753	434.84447897297053	449.526815844697
4200.0	393.7294578568694	416.9497815531457	436.0041432489193	450.97526826200306
4260.0	394.20833960645234	417.767856880539	437.1467990172564	452.40626021490624
4320.0	394.675754063538	418.5709687576028	438.2726540475181	453.8199332903698
4380.0	395.13199068479224	419.3593801357035	439.3819144162677	455.2164292626782
4440.0	395.57733121034914	420.1333495350293	440.47478449892805	456.59589006434686
4500.0	396.0120498902861	420.89313112884577	441.55146697577356	457.9584577570616
4560.0	396.4364136931339	421.63897480738643	442.61216283308744	459.30427450324464
4620.0	396.85068251108567	422.3711262666307	443.657071362462	460.63348253787973
4680.0	397.25510937003565	423.0898270689189	444.68639016126383	461.94622414055715
4740.0	397.64994061205675	423.7953147085127	445.70031513347465	463.2426416083146
4800.0	398.0354160919937	424.4878227089139	446.6990404931009	464.5228772285589
4860.0	398.41176935842833	425.16758064485856	447.68275876592804	465.78707325214674
4920.0	398.779227824646	425.8348142317052	448.651660782935	467.0353718675532
4980.0	399.1380129467584	426.48974538978575	449.60593569387083	468.2679151746195
5040.0	399.4883403859491	427.1325923321599	450.5457709591793	469.4848451593676
5100.0	399.83042016975406	427.76356957284577	451.471352357308	470.6863036687958
5160.0	400.16445684910815	428.3828880264661	452.38286397606913	471.87243238617884
5220.0	400.4906496470777	428.9907550526568	453.2804882371171	473.04337280687923
5280.0	400.80919260737863	429.5873745215977	454.1644058728053	474.1992662146138
5340.0	401.1202747362318	430.1729468569906	455.0347959412864	475.34025365769867
5400.0	401.4240801407834	430.7476691072537	455.8918358309971	476.4664759262836
5460.0	401.72078816177617	431.3117349925745	456.7357012631853	477.5780735296576
5520.0	402.0105735037183	431.86533495831844	457.5665662721844	478.67518667408825
5580.0	402.2936063615828	432.4086562334495	458.3846032467082	479.7579552405814
5640.0	402.57005254347547	432.94188287125934	459.18998291421514	480.82651876460807
5700.0	402.84007358852574	433.46519581317204	459.9828743338467	481.88101641376556
5760.0	403.1038268822976	433.9787729295809	460.7634449364587	482.92158696828454
5820.0	403.3614657688527	434.4827890725551	461.5318604573884	483.9483688005434
5880.0	403.6131396596136	434.97741612271994	462.28828502570286	484.96149985530843
5940.0	403.8589941408049	435.4628230361011	463.0328811060919	485.9611176306726
6000.0	404.0991710714986	435.93917589656525	463.765809537653	486.9473591588378
6060.0	404.33380868926736	436.4066379514624	464.48722952387203	487.92036098817084
6120.0	404.56304170098826	436.86536966594286	465.19729863938187	488.8802591648434
6180.0	404.78700138148224	437.31552876327737	465.8961728454085	489.8271892154342
6240.0	405.00581566367435	437.7572702686273	466.5840064700862	490.7612861295354
6300.0	405.21960922618644	438.190746552082	467.26095224683	491.68268434340115
6360.0	405.42850358067005	438.6161073711259	467.92716129310094	492.59151772312424
6420.0	405.6326171559531	439.03349991351496	468.58278313000005	493.48791954918556
6480.0	405.83206537934444	439.4430688368821	469.2279656854467	494.37202250057425
6540.0	406.02696075594537	439.84495630860187	469.8628553013612	495.24395864003236
6600.0	406.217412945772	440.2393020463229	470.48759673879124	496.1038593990445
6660.0	406.4035288393505	440.6262433591125	471.1023331809539	496.95185556400406
6720.0	406.58541262905254	441.0059151813187	471.7072062532577	497.7880772618912
6780.0	406.7631658813499	441.3784501140644	472.3023560117382	498.61265394718475
6840.0	406.93688760542244	441.7439784617114	472.88792096532677	499.4257143886772
6900.0	407.1066743201836	442.1026282687923	473.46403807771514	500.2273866568606
6960.0	407.27262011962705	442.4545253556607	474.0308427747148	501.0177981117791
7020.0	407.43481673667435	442.79979335584335	474.5884689525812	501.79707539104254
7080.0	407.5933536028773	443.13855374809634	475.13704898558666	502.56534439846115
7140.0	407.74831791069784	443.4709258933527	475.6767137345214	503.3227302930333
7200.0	407.8997946710948	443.79702706974916	476.20759255740495	504.0693574782714
7260.0	408.047866770329	444.116972504093	476.7298133124882	504.8053495917955
7320.0	408.19261502574386	444.43087540495674	477.24350237190595	505.5308294957942
7380.0	408.3341182381345	444.7388469987898	477.74878462658086	506.2459192668748
7440.0	408.47245324519525	445.04099655622326	478.2457835009641	506.9507401875496
7500.0	408.60769497237055	445.33743143016767	478.7346209529541	507.64541273737575
7560.0	408.73991648228116	445.6282570818661	479.21541749083946	508.33005658423366
7620.0	408.86918902285834	445.91357711406465	479.6882921797402	509.0047905765621
7680.0	408.9955820743106	446.1934933031637	480.15336265090366	509.6697327356171
7740.0	409.1191633947864	446.4681056235158	480.6107451113585	510.32500024816545
7800.0	409.23999906485307	446.73751228218583	481.06055435352084	510.97070945955033
7860.0	409.35815353060224	447.00180974763555	481.5029037649355	511.6069758669493
7920.0	409.4736896459594	447.2610927734683	481.93790533813024	512.2339141133065
7980.0	409.5866687139786	447.51545443155277	482.3656696819162	512.8516379812372
8040.0	409.6971505261473	447.7649861385893	482.7863060285468	513.4602603876742
8100.0	409.80519340061386	448.0097776828532	483.19992224487265	514.0598933781442
8160.0	409.9108542212858	448.24991724983573	483.60662484591154	514.6506481223954
8220.0	410.01418847585546	448.48549145117994	484.0065189994816	515.2326349094034
8280.0	410.11525028665454	448.71658535034527	484.39970854091376	515.8059631432845
8340.0	410.21409245159543	448.94328248754357	484.7862959820484	516.3707413390118
8400.0	410.31076647356986	449.16566490437316	485.16638252140535	516.9270771193931
8460.0	410.4053225968326	449.38381317063113	485.5400680548134	517.4750772108525
8520.0	410.4978098355348	449.59780640925425	485.90745118836674	518.0148474409202
8580.0	410.58827600954874	449.8077223180212	486.2686292439458	518.5464927353207
8640.0	410.67676777101974	450.01363719486534	486.62369827637986	519.0701171156084
8700.0	410.76333063564476	450.21562596270667	486.9727530797824	519.5858236965751
8760.0	410.8480090120902	450.41376219131064	487.3158871989459	520.0937146848524
8820.0	410.9308462296364	450.60811811856877	487.653192942498	520.5938913767876
8880.0	411.01188456557065	450.7987646770093	487.9847613931478	521.0864541574159
8940.0	411.0911652718803	450.98577151234946	488.31068241548957	521.5715024990766
9000.0	411.1687286012957	451.1692070060018	488.6310446709372	522.0491349608046
9060.0	411.2446138326047	451.34913829995867	488.94593562741767	522.5194491873901
9120.0	411.3188592952969	451.5256313109525	489.2554415717419	522.9825419093672
9180.0	411.39150239496803	451.69875076051864	489.5596476165604	523.4385089427518
9240.0	411.46257963336944	451.86856018528505	489.8586377156581	523.8874451891907
9300.0	411.53212663374086	452.0351219677737	490.1524946737032	524.3294446361758
9360.0	411.600178164487	452.19849734619714	490.4413001573528	524.7646003578275
9420.0	411.66676815539716	452.35874644212646	490.7251347076234	525.1930045156373
9480.0	411.73192972509844	452.515928275586	491.00407774749084	525.6147483595612
9540.0	411.7956951970831	452.6701007838833	491.278207596376	526.0299222290593
9600.0	411.85809612072256	452.8213208430857	491.5476014803978	526.438615554625
9660.0	411.9191632919485	452.9696442846051	491.8123355433524	526.8409168596268
9720.0	411.97892677139146	453.11512591197754	492.07248485909406	527.2369137620981
9780.0	412.037415902745	453.25781952137913	492.3281234392238	527.6266929764394
9840.0	412.0946593299682	453.397777917935	492.57932424716313	528.0103403160886
9900.0	412.150685016441	453.5350529331212	492.8261592086667	528.3879406957612
9960.0	412.20552026099523	453.6696954417349	493.0686992234938	528.7595781338746
10020.0	412.2591917141166	453.8017553786556	493.3070141748792	529.125335755819
10080.0	412.31172539479013	453.9312817552891	493.5411729403441	529.4852957964057
10140.0	412.3631467062775	454.0583226758451	493.7712434044599	529.839539603006
10200.0	412.413480453332	454.1829253532347	493.9972924707022	530.1881476390705
10260.0	412.4627508506249	454.30513612483395	494.2193860675828	530.5311994874185
10320.0	412.51098154688844	454.4250004678486	494.43758916352203	530.8687738537468
10380.0	412.55819562913246	454.54256301471463	494.651965778996	531.2009485703721
10440.0	412.60441564683106	454.6578675694815	494.86257899184227	531.527800600151
10500.0	412.6496636146984	454.7709571182579	495.0694909524911	531.8494060405344
10560.0	412.6939610335566	454.88187384716304	495.27276289547524	532.1658401273214
10620.0	412.7373289007657	454.9906591589278	495.47245514378176	532.477177239492
10680.0	412.779787722937	455.09735367878324	495.668627128926	532.7834909030195
10740.0	412.8213575257392	455.2019972779901	495.86133739113234	533.0848537956613
10800.0	412.86205786871244	455.3046290787444	496.0506435999965	533.3813377514331
10860.0	412.90190785562606	455.4052874759021	496.236602555207	533.6730137656075
10920.0	412.940926145883	455.5040101408732	496.4192702071374	533.9599519991089
10980.0	412.9791309659288	455.6008340427646	496.59870165616337	534.2422217837698
11040.0	413.0165401175091	455.69579545736224	496.7749511733522	534.5198916272059
11100.0	413.05317099046204	455.78892997790194	496.94807220331705	534.7930292180097
11160.0	413.0890405731359	455.88027253076183	497.1181173769251	535.06170143086
11220.0	413.124165461719	455.9698573861336	497.28513852392143	535.3259743320127
11280.0	413.1585618656924	456.05771816979234	497.44918667822304	535.5859131843532
11340.0	413.1922456276071	456.14388787476673	497.61031209039635	535.8415824532315
11400.0	413.2252322173678	456.2283988728781	497.76856423805015	536.0930458115346
11460.0	413.25753675669245	456.31128292595	497.92399183541556	536.3403661458564
11520.0	413.28917401520744	456.3925711969425	498.07664284261875	536.5836055616152
11580.0	413.32015842544627	456.4722942607796	498.22656447419365	536.8228253892869
11640.0	413.35050409127797	456.55048211514463	498.37380321089245	537.0580861898488
11700.0	413.38022479315214	456.6271641909655	498.5184048083257	537.2894477606429
11760.0	413.40933399581814	456.7023693637155	498.66041430634965	537.5169691415783
11820.0	413.43784485832515	456.7761259628046	498.79987603860513	537.7407086206713
11880.0	413.4657702401339	456.84846177882036	498.93683364178077	537.960723740568
11940.0	413.4931227084131	456.9194040796091	499.0713300647802	538.177071304064
12000.0	413.51991454503093	456.9889796141699	499.20340757808157	538.3898073806134
12060.0	413.5461577534361	457.0572146246974	499.33310778298016	538.5989873120747
12120.0	413.571864065338	457.1241348562776	499.4604716210338	538.8046657192017
12180.0	413.59704494936534	457.1897655649801	499.5855393803755	539.0068965078635
12240.0	413.6217116120734	457.2541315255361	499.70835070752753	539.2057328750814
12300.0	413.6458750080244	457.31725704682947	499.8289446153292	539.4012273152122
12360.0	413.66954584706184	457.3791659696397	499.9473594939382	539.5934316265506
12420.0	413.69273459884	457.4398816841141	500.0636331120318	539.7823969174215
12480.0	413.71545149316137	457.4994271354003	500.17780263374397	539.9681736122292
12540.0	413.73770653908304	457.5578248330693	500.2899046245535	540.1508114587479
12600.0	413.75950951118864	457.6150968549708	500.39997505465226	540.3303595332616
12660.0	413.78086997709397	457.6712648595658	500.5080493179298	540.5068662477117
12720.0	413.8017972798485	457.7263500924346	500.6141622260813	540.6803793559186
12780.0	413.82230056249335	457.78037339386475	500.71834803179013	540.8509459597566
12840.0	413.84238876160526	457.83335520634785	500.8206404233795	541.0186125159894
12900.0	413.8620706134755	457.88531558203226	500.92107254188727	541.1834248420437
12960.0	413.88135466274076	457.9362741902138	501.01967698683364	541.3454281229984
13020.0	413.9002492672083	457.9862503257432	501.1164858193195	541.5046669173943
13080.0	413.91876259452147	458.0352629115524	501.2115305758734	541.6611851642291
13140.0	413.9369026342302	458.08333050996885	501.3048422751988	541.8150261890488
13200.0	413.95467719981514	458.13047132812454	501.39645142138755	541.9662327101008
13260.0	413.9720939325657	458.1767032284769	501.4863880149497	542.1148468449582
13320.0	413.98916030559116	458.22204372454235	501.5746815599091	542.260910117368
13380.0	414.00588362776733	458.2665099984846	501.6613610707976	542.4044634620452
13440.0	414.02227104754166	458.3101189050708	501.74645507971627	542.5455472329542
13500.0	414.0383295566969	458.35288696981087	501.82999164353157	542.6842012083156
13560.0	414.05406599396366	458.3948304100371	501.91199835094545	542.8204645971732
13620.0	414.0694870485721	458.43596512254703	501.9925023294164	542.9543760459782
13680.0	414.0845992656279	458.4763067074311	502.07153025218645	543.0859736447521
13740.0	414.0994090460859	458.5158704599855	502.1491083450169	543.2152949329661
13800.0	414.1139226496184	458.55467138246536	502.22526239292966	543.3423769058428
13860.0	414.12814620130115	458.5927241944712	502.30001774692835	543.4672560215283
13920.0	414.14208569709206	458.63004332518074	502.3733993331899	543.5899682054929
13980.0	414.15574699832575	458.6666429299872	502.44543165217993	543.7105488579839
14040.0	414.1691358379689	458.702536892501	502.51613879180303	543.8290328599273
14100.0	414.18225783403034	458.73773883134567	502.58554443346577	543.9454545787283
14160.0	414.19511847187255	458.7722620993554	502.6536718565105	544.0598478744072
14220.0	414.2077231266748	458.80611979393325	502.7205439406776	544.1722461055846
14280.0	414.22007705474806	458.83932476087455	502.7861831825844	544.2826821353771
14340.0	414.23218539966405	458.8718895987471	502.85061168906986	544.391188338324
14400.0	414.2440531948032	458.9038266635487	502.91385119378197	544.4977966040536
14460.0	414.25568536704515	458.9351480733357	502.9759230560478	544.6025383462367
14520.0	414.2670867320658	458.9658657127607	503.03684827169684	544.7054445054305
14580.0	414.2782620148772	458.995991237477	503.0966474725651	544.8065455568152
14640.0	414.2892158236987	459.02553607856515	503.1553409429304	544.9058715155072
14700.0	414.29995267869464	459.05451144675624	503.2129486093869	545.0034519419206
14760.0	414.31047700543553	459.0829283391922	503.26949006122106	545.0993159478238
14820.0	414.3207931258734	459.1107975370743	503.3249845500854	545.1934922018319
14880.0	414.3309052759159	459.1381296145117	503.3794509903463	545.2860089353404
14940.0	414.34081760534104	459.1649349421537	503.432907972213	545.3768939476033
15000.0	414.3505341702369	459.1912236930531	503.4853737646754	545.4661746112837
15060.0	414.3600589405537	459.2170058426023	503.5368663197194	545.5538778787401
15120.0	414.36939580445073	459.24229116969434	503.5874032747593	545.6400302864295
15180.0	414.3785485679695	459.26708927046326	503.6370019623385	545.7246579608118
15240.0	414.3875209568536	459.2914095542637	503.685679413168	545.8077866238647
15300.0	414.39631662052443	459.31526124310915	503.7334523609457	545.8894415981313
15360.0	414.40493912757245	459.3386533937161	503.78033724718694	545.9696478120849
15420.0	414.4133919726315	459.3615948715796	503.8263502259725	546.0484298053505
15480.0	414.42167857771966	459.3840943864087	503.8715071686061	546.1258117336776
15540.0	414.4298022930875	459.40616046626087	503.91582366823684	546.2018173744266
15600.0	414.4377663988154	459.4278014878617	503.95931504439386	546.2764701316077
15660.0	414.4455741063427	459.4490256512799	504.0019963474871	546.3497930409252
15720.0	414.4532285599872	459.4698410150112	504.0438823631761	546.4218087740097
15780.0	414.4607328384191	459.49025546541156	504.0849876167751	546.492539645177
15840.0	414.4680899561082	459.51027674643825	504.1253263799894	546.5620076140716
15900.0	414.4753028647161	459.5299124528903	504.16491266918894	546.6302342921224
15960.0	414.4823744571953	459.5491700246285	504.2037602531715	546.6972409472485
16020.0	414.48930756279896	459.56805676489046	504.24188265808027	546.7630485077302
16080.0	414.4961049519424	459.5865798377209	504.2792931734203	546.8276775676912
16140.0	414.5027693385709	459.6047462595329	504.31600485050853	546.8911483913736
16200.0	414.50930338037404	459.6225629165754	504.35203050626455	546.95348091817
16260.0	414.5157096800177	459.6400365627676	504.38738273580475	547.014694766826
16320.0	414.5219907878784	459.6571738240953	504.42207390779845	547.0748092403201
16380.0	414.5281492060009	459.6739811902925	504.45611616615133	547.1338433299314
16440.0	414.53418737272483	459.6904650301856	504.4895214504314	547.1918157197283
16500.0	414.54010768233275	459.70663158942284	504.52230147163925	547.2487447911085
16560.0	414.54591247977135	459.72248699285933	504.55446774574403	547.304648628106
16620.0	414.55160407317726	459.738037246865	504.5860315720932	547.3595450189015
16680.0	414.55718470253476	459.7532882416468	504.61700405731693	547.4134514641347
16740.0	414.5626565703949	459.76824575350963	504.6473960992964	547.466385176657
16800.0	414.5680218421179	459.7829154479669	504.67721841293	547.5183630892202
16860.0	414.5732826329003	459.79730287832916	504.70648150615455	547.5694018574469
16920.0	414.5784410060168	459.8114134919985	504.7351957134026	547.6195178625818
16980.0	414.5834989980024	459.82525263100445	504.76337117147665	547.668727217359
17040.0	414.58845859751307	459.8388255340255	504.79101783811524	547.7170457692189
17100.0	414.5933217417344	459.85213733945176	504.818145500973	547.7644891041939
17160.0	414.5980903526733	459.86519308521457	504.844763756186	547.8110725508777
17220.0	414.6027662886168	459.8779977111876	504.8708820346138	547.8568111841632
17280.0	414.60735137987126	459.89055606224105	504.8965096017944	547.9017198290211
17340.0	414.6118474310686	459.90287288938896	504.9216555478042	547.9458130642869
17400.0	414.61625618155153	459.9149528517794	504.9463287998223	547.9891052265682
17460.0	414.62057937463516	459.9268005183363	504.9705381253371	548.0316104131274
17520.0	414.6248186764069	459.93842036956534	504.9942921347206	548.0733424877614
17580.0	414.6289757544142	459.94981679927554	505.01759928213374	548.1143150804716
17640.0	414.6330522175398	459.9609941233189	505.0404678635992	548.1545415938158
17700.0	414.63704965892197	459.9719565612098	505.06290602791466	548.1940352076341
17760.0	414.64096962871	459.98270825621705	505.0849217758883	548.2328088772684
17820.0	414.64481365288947	459.99325327172244	505.1065229629188	548.2708753435112
17880.0	414.64858322088764	460.0035955952791	505.12771730148717	548.3082471297687
17940.0	414.6522797990091	460.01373914006376	505.14851236368696	548.3449365516276
18000.0	414.6559048135151	460.0236877307678	505.1689155836768	548.3809557134728
18060.0	414.6594596787842	460.03344512515287	505.18893426007725	548.4163165165916
18120.0	414.66294575485017	460.0430150160182	505.2085755583726	548.4510306620354
18180.0	414.666364412394	460.0524010162729	505.2278465132254	548.485109650048
18240.0	414.66971694573493	460.061606664021	505.24675403077316	548.518564786743
18300.0	414.6730046776648	460.07063544053347	505.26530489092505	548.5514071862857
18360.0	414.6762288535591	460.0794907587125	505.28350574957983	548.5836477733006
18420.0	414.6793907284048	460.08817595076175	505.30136314071655	548.6152972866385
18480.0	414.68249152197615	460.0966943037069	505.3188834787052	548.6463662814682
18540.0	414.6855324123734	460.1050490318364	505.3360730602938	548.676865132364
18600.0	414.6885146011743	460.11324327795586	505.35293806676094	548.7068040367324
18660.0	414.69143920511414	460.12128015199596	505.3694845659045	548.7361930169412
18720.0	414.69430735910566	460.1291626692265	505.3857185141119	548.7650419243093
18780.0	414.69712017470096	460.13689381000637	505.4016457582934	548.7933604395764
18840.0	414.6998787110563	460.1444764927032	505.4172720397049	548.8211580778482
18900.0	414.70258404518484	460.1519135663407	505.4326029954604	548.8484441900898
18960.0	414.70523720957704	460.1592078533117	505.4476441512669	548.8752279657641
19020.0	414.70783920767303	460.16636208072424	505.46240093534215	548.9015184368442
19080.0	414.7103910567858	460.1733789713153	505.4768786758153	548.9273244785804
19140.0	414.71289372429345	460.180261144112	505.4910826056948	548.9526548117789
19200.0	414.7153481565695	460.1870112161512	505.50501786264033	548.9775180068353
19260.0	414.7177553095099	460.19363170915324	505.5186894788326	549.0019224873323
19320.0	414.7201161002439	460.20012513913866	505.53210239973106	549.0258765268866
19380.0	414.72243141591997	460.20649392985507	505.54526148506005	549.0493882587369
19440.0	414.7247021481324	460.2127405048604	505.55817150146896	549.0724656723035
19500.0	414.72692918006504	460.21886718897315	505.5708371182426	549.0951166193004
19560.0	414.7291133364927	460.22487632130816	505.58326292681846	549.1173488141411
19620.0	414.7312554502698	460.2307701333456	505.5954534438766	549.1391698360706
19680.0	414.73335635990327	460.2365508689115	505.6074130777268	549.1605871316785
19740.0	414.73541685203674	460.2422206864065	505.6191461701139	549.1816080195384
19800.0	414.7374377017228	460.247781728432	505.63065699256794	549.2022396862757
19860.0	414.7394196780753	460.2532360895713	505.64194971031725	549.2224891966932
19920.0	414.7413635635866	460.2585858077597	505.65302843399536	549.2423634885039
19980.0	414.7432700704225	460.263832924091	505.66389719285934	549.2618693777194
20040.0	414.74513992034554	460.2689793825383	505.6745599266975	549.2810135634893
20100.0	414.7469738237446	460.2740271367492	505.6850205338278	549.2998026240451
20160.0	414.7487725027992	460.2789780825484	505.6952828019828	549.3182430221678
20220.0	414.7505366189562	460.2838340675164	505.70535047683353	549.3363411072827
20280.0	414.7522668357693	460.288596946364	505.715227222683	549.3541031175454
20340.0	414.75396380943056	460.2932684844459	505.72491663233114	549.3715351801898
20400.0	414.75562819515227	460.297850438753	505.73442224811555	549.3886433130626
20460.0	414.7572606306728	460.30234455607814	505.743747518536	549.4054334284963
20520.0	414.75886171417693	460.3067524972852	505.7528958652585	549.4219113339739
20580.0	414.7604320519604	460.31107592522926	505.76187060101955	549.4380827342791
20640.0	414.7619722384111	460.3153164843639	505.77067502750407	549.4539532325265
20700.0	414.76348287240035	460.3194757419423	505.77931233045206	549.469528332716
20760.0	414.7649645235683	460.323555263548	505.78778569195964	549.4848134405411
20820.0	414.7664177363715	460.32755660788956	505.7960981793907	549.4998138660145
20880.0	414.7678430600821	460.3314812484541	505.8042528554617	549.5145348243741
20940.0	414.7692410332884	460.3353306596038	505.81225267795	549.528981437502
21000.0	414.7706121884077	460.339106312142	505.82010058961254	549.5431587366104
21060.0	414.77195706539993	460.342809604342	505.8277994477728	549.5570716621996
21120.0	414.77327614379914	460.3464419202477	505.8353520740193	549.5707250677444
21180.0	414.7745699214166	460.35000463303146	505.8427612348813	549.5841237187143
21240.0	414.7758388862765	460.35349909270764	505.85002962904355	549.5972722958458
21300.0	414.77708351684316	460.35692658799616	505.8571599419029	549.6101753961735
21360.0	414.7783042867731	460.36028840537483	505.86415475676307	549.6228375338723
21420.0	414.77950167830716	460.36358582367916	505.87101665823764	549.6352631423206
21480.0	414.7806761145763	460.36682007676205	505.87774814861643	549.6474565768498
21540.0	414.78182803791196	460.3699923633677	505.8843516900966	549.6594221127054
21600.0	414.782957882126	460.3731038736538	505.890829726416	549.6711639481845
21660.0	414.7840660725456	460.3761557909038	505.89718460569736	549.6826862060027
21720.0	414.7851530260935	460.37914925841056	505.9034186746091	549.6939929353714
21780.0	414.7862191627824	460.38208538298966	505.90953422139586	549.7050881141399
21840.0	414.78726489222555	460.38496526575506	505.91553347398724	549.715975646421
21900.0	414.7882905865407	460.3877899911047	505.9214186565277	549.726659364327
21960.0	414.7892966313538	460.3905606401089	505.9271919176677	549.7371430327133
22020.0	414.7902834047704	460.39327822356586	505.932855367842	549.7474303518472
22080.0	414.79125127760574	460.3959437602751	505.9384111112433	549.7575249487138
22140.0	414.79220061350463	460.3985582493451	505.94386117313707	549.7674303865101
22200.0	414.7931317689587	460.40112268297963	505.9492075485692	549.7771501684741
22260.0	414.7940451101181	460.4036380282667	505.9544522232578	549.7866877290588
22320.0	414.7949409772123	460.4061052078605	505.9595971157906	549.7960464404109
22380.0	414.79581969109825	460.40852514609367	505.9646441069053	549.8052296204276
22440.0	414.79668158146006	460.41089874953286	505.969595064538	549.8142405173651
22500.0	414.7975269715974	460.4132269125706	505.97445181859047	549.8230823253975
22560.0	414.7983561786191	460.4155105277794	505.97921613559436	549.8317581834971
22620.0	414.79916951349304	460.41775042330414	505.98388976933774	549.8402711652355
22680.0	414.7999672811484	460.4199474379435	505.98847446762153	549.8486242985712
22740.0	414.80074978058195	460.42210239435235	505.9929718944212	549.8568205466179
22800.0	414.8015173144733	460.42421609930454	505.9973837018068	549.8648628253824
22860.0	414.80227018251577	460.4262893558925	506.0017115195003	549.872753995363
22920.0	414.80300864386504	460.42832294750775	506.0059569640735	549.8804968624152
22980.0	414.8037329751349	460.43031761496684	506.0101215719876	549.8880941873493
23040.0	414.8044434475312	460.432274104769	506.0142068780975	549.895548672402
23100.0	414.8051403270418	460.4341931490807	506.0182143931595	549.9028629799992
23160.0	414.80582387450306	460.43607546602567	506.0221456161923	549.9100397134156
23220.0	414.8064943457087	460.4379217598108	506.02600196905286	549.9170814390968
23280.0	414.80715199160596	460.4397327482001	506.0297848739283	549.9239906650914
23340.0	414.8077970581646	460.4415090847612	506.03349572619675	549.9307698647764
23400.0	414.808429786712	460.4432514295429	506.0371359214739	549.9374214576518
23460.0	414.80905041539194	460.4449604341979	506.04070677978444	549.9439478239851
23520.0	414.809659204623	460.44663673791257	506.04420961396113	549.9503512990034
23580.0	414.81025635096313	460.4482809676257	506.04764571683177	549.9566341710148
23640.0	414.81084207771704	460.449893738206	506.05101636254	549.9627986965637
23700.0	414.8114166038573	460.4514756662889	506.0543228150562	549.9688470760967
23760.0	414.81198014408506	460.4530273466873	506.05756626855083	549.9747814864261
23820.0	414.8125329089734	460.45454934106243	506.0607479207261	549.9806040491204
23880.0	414.81307510507474	460.4560422183433	506.06386894663973	549.9863168550214
23940.0	414.81360693493673	460.45750653656484	506.06693050168644	549.9919219581236
24000.0	414.8141285972326	460.4589428430455	506.0699337430789	549.9974213644142
24060.0	414.81464028677925	460.4603516745685	506.0728797504046	550.0028170579828
24120.0	414.81514219459916	460.4617335575544	506.0757696122814	550.008110971873
24180.0	414.81563450819004	460.4630890083223	506.07860439664955	550.013305008736
24240.0	414.8161174112301	460.4644185577033	506.0813851512223	550.0184010469275
24300.0	414.81659108398765	460.4657226838332	506.084112918214	550.0234009099316
24360.0	414.8170557233681	460.467001866689	506.08678870812736	550.0283064005367
24420.0	414.8175114929576	460.4682565840976	506.08941349258134	550.0331192915452
24480.0	414.8179585512196	460.4694873047545	506.09198824217486	550.037841309693
24540.0	414.81839706505536	460.4706944883339	506.0945139090972	550.042474158708
24600.0	414.81882719810284	460.471878585683	506.09699142745575	550.047019516779
24660.0	414.8192491108732	460.4730400390151	506.0994217193085	550.051479014929
24720.0	414.81966296073705	460.4741792820688	506.101805703576	550.0558542634838
24780.0	414.8200689020947	460.47529674021627	506.10414423543193	550.0601468498987
24840.0	414.82046708634516	460.476392843472	506.10643818017036	550.0643583184723
24900.0	414.8208576620157	460.47746800627	506.108688386721	550.0684901881009
24960.0	414.8212407747114	460.4785226106573	506.11089568782074	550.0725439595245
25020.0	414.8216165672895	460.479557050289	506.11306090035947	550.0765210980605
25080.0	414.8219851798487	460.4805717112522	506.1151848283329	550.0804230360056
25140.0	414.82234674978804	460.4815669722388	506.11726828409655	550.0842511869076
25200.0	414.82270141185836	460.4825432046696	506.1193120089334	550.0880069451582
25260.0	414.8230492982149	460.4835007728372	506.1213167594584	550.0916916629556
25320.0	414.8233905384909	460.48444003399777	506.12328327795444	550.0953066737893
25380.0	414.8237252599269	460.48536133861666	506.1252122926139	550.0988532887972
25440.0	414.8240535870207	460.4862650304484	506.1271045178817	550.1023328017671
25500.0	414.8243756421695	460.487151446685	506.1289606545998	550.1057464667701
25560.0	414.82469156414027	460.4880209180298	506.1307813902728	550.1090955209397
25620.0	414.8250014636143	460.4888737835636	506.13256742794454	550.1123811808532
25680.0	414.8253054430698	460.48971036283837	506.1343194022413	550.1156046429329
25740.0	414.82560361565226	460.4905309504947	506.13603795933847	550.1187670769887
25800.0	414.8258960924383	460.4913358525738	506.1377237359241	550.1218696275
25860.0	414.82618298235553	460.49212536927826	506.13937735658607	550.124913421615
25920.0	414.826464392256	460.49289979504033	506.14099943409104	550.1278995657817
25980.0	414.82674042688427	460.4936594186039	506.1425905694777	550.1308291559516
26040.0	414.82701118911814	460.4944045232724	506.14415135246253	550.1337032472314
26100.0	414.82727677976055	460.49513538688564	506.14568236157356	550.136522883222
26160.0	414.82753729773344	460.49585228199004	506.1471841731311	550.1392890927416
26220.0	414.82779284009945	460.49655547585445	506.14865735725357	550.142002882005
26280.0	414.8280435021361	460.4972452306192	506.1501024365087	550.1446652467399
26340.0	414.8282893767054	460.49792180336993	506.15151994658873	550.1472771504533
26400.0	414.8285305555903	460.4985854463034	506.1529104129653	550.1498395420784
26460.0	414.82876712853727	460.4992364067369	506.1542743511684	550.1523533548492
26520.0	414.82899918353877	460.4998749273138	506.15561226687663	550.1548195069571
26580.0	414.8292268069785	460.5005012459831	506.15692465612966	550.1572388996318
26640.0	414.82945008363515	460.5011156033183	506.1582120056276	550.1596124192683
26700.0	414.82966909655363	460.50171824505094	506.1594747927713	550.1619409233098
26760.0	414.82988392729254	460.50230937069364	506.16071348593164	550.1642252625264
26820.0	414.8300946557999	460.50288920057125	506.1619285445268	550.1664662706455
26880.0	414.8303013605097	460.50345795071354	506.1631204357061	550.1686647655193
26940.0	414.83050411828697	460.5040158330823	506.16428959930164	550.1708215488944
27000.0	414.8307030046495	460.5045630556061	506.16543645363976	550.1729374201112
27060.0	414.83089809358603	460.5050998221595	506.1665614242012	550.175013142553
27120.0	414.8310894576413	460.50562633270977	506.16766492831897	550.1770494750942
27180.0	414.83127716799373	460.5061427834171	506.1687473753843	550.1790471575523
27240.0	414.83146129440524	460.5066493666643	506.1698091669235	550.1810069249304
27300.0	414.83164190535683	460.5071462711494	506.17085069684543	550.1829294922544
27360.0	414.8318190680107	460.5076336819089	506.1718723515598	550.18481556192
27420.0	414.83199284823405	460.508111780495	506.17287451010503	550.1866658335625
27480.0	414.83216331064614	460.50858074494676	506.173857544345	550.1884809772763
27540.0	414.8323305350734	460.50904074995753	506.1748218190161	550.1902616529759
27600.0	414.83249458133264	460.50949196683695	506.175767691949	550.1920085165009
27660.0	414.83265549506683	460.5099345636118	506.17669551412064	550.1937222054758
27720.0	414.83281333612194	460.5103687050936	506.17760562983585	550.1954033452814
27780.0	414.83296816322576	460.51079455295974	506.17849839044334	550.19705255495
27840.0	414.83312003390154	460.51121226569916	506.17937413096996	550.1986704383213
27900.0	414.8332690047144	460.5116219989925	506.18023315788565	550.2002575933813
27960.0	414.8334151310165	460.5120239052984	506.1810757900854	550.2018146008037
28020.0	414.8335584672546	460.51241813430005	506.18190234042254	550.2033420260798
28080.0	414.83369906665047	460.5128048327398	506.1827131157069	550.2048404292079
28140.0	414.83383698152204	460.51318414451947	506.18350841686197	550.2063103596868
28200.0	414.83397226310007	460.5135562203904	506.1842885391234	550.2077523568479
28260.0	414.8341049618068	460.51392121071325	506.1850537720875	550.2091669499362
28320.0	414.83423512690376	460.514279228671	506.18580439984197	550.2105546583261
28380.0	414.83436280674954	460.5146304075822	506.1865407010527	550.2119159917255
28440.0	414.83448804897694	460.5149748782165	506.18726294910385	550.2132514490072
28500.0	414.8346108999445	460.5153127688562	506.1879714122019	550.2145615251688
28560.0	414.83473140546914	460.515644205348	506.1886663534452	550.2158467009511
28620.0	414.8348496103112	460.5159693109573	506.1893480307937	550.2171074461162
28680.0	414.83496555843516	460.516288206735	506.1900166972987	550.2183442166554
28740.0	414.8350792929238	460.5166010113816	506.19067260126513	550.2195574734292
28800.0	414.8351908560236	460.5169078413254	506.19131598621686	550.2207476617399
28860.0	414.8353002892984	460.5172088108618	506.1919470910805	550.2219152139619
28920.0	414.83540763344456	460.51750403194245	506.1925661501674	550.2230605676071
28980.0	414.83551292829173	460.51779361442954	506.19317339334174	550.2241841330418
29040.0	414.8356162130159	460.51807766607914	506.1937690544804	550.2252863345938
29100.0	414.83571752597635	460.5183562925743	506.19435336892286	550.2263675675655
29160.0	414.8358169048682	460.518629597605	506.19492652984064	550.2274282371094
29220.0	414.8359143867112	460.5188976829122	506.1954887501061	550.2284687372872
29280.0	414.83601000762667	460.5191606482026	506.196040238496	550.2294894446495
29340.0	414.8361038031174	460.5194185913264	506.19658119983137	550.2304907373755
29400.0	414.8361958082566	460.5196716083165	506.1971118350597	550.231472978895
29460.0	414.8362860570157	460.5199197932678	506.19763234129925	550.2324365296266
29520.0	414.83637458306606	460.52016323849756	506.1981429118361	550.2333817493068
29580.0	414.8364614189721	460.5204020345862	506.19864373639854	550.2343089854555
29640.0	414.8365465979844	460.5206362703899	506.19913500088876	550.2352185747894
29700.0	414.836630148825	460.5208660330277	506.1996168878529	550.2361108533803
29760.0	414.8367121062303	460.52109140792396	506.2000895762544	550.2369861526229
29820.0	414.83679249947625	460.5213124789861	506.200553241662	550.2378447945575
29880.0	414.83687135814074	460.52152932830717	506.2010080562597	550.2386870951037
29940.0	414.8369487115153	460.5217420366639	506.2014541889743	550.2395133643238
30000.0	414.8370245884076	460.5219506830304	506.20189180549505	550.2403239064042
30060.0	414.8370990170806	460.52215534519	506.20232106837204	550.2411190198284
30120.0	414.83717202498264	460.52235609915823	506.20274213702845	550.2418989971346
30180.0	414.83724363929014	460.5225530196088	506.20315516787923	550.2426641340875
30240.0	414.8373138867454	460.52274617977065	506.2035603143536	550.2434147068589
30300.0	414.8373827933413	460.522935651522	506.2039577269577	550.2441509902642
30360.0	414.8374503845337	460.52312150528985	506.20434755326744	550.2448732546491
30420.0	414.8375166856697	460.5233038101496	506.20472993812416	550.245581766357
30480.0	414.8375817212239	460.52348263397676	506.20510502358087	550.2462767873012
30540.0	414.8376455154325	460.52365804325814	506.2054729489285	550.2469585740276
30600.0	414.837708092005	460.52383010319625	506.2058338508876	550.2476273782756
30660.0	414.8377694742321	460.5239988779291	506.2061878634706	550.2482834471314
30720.0	414.8378296847482	460.5241644300842	506.20653511821763	550.248927022989
30780.0	414.8378887460455	460.5243268210882	506.206875744077	550.2495583437735
30840.0	414.8379466800626	460.524486111428	506.20720986766645	550.2501776430094
30900.0	414.83800350833087	460.52464236033313	506.2075376129874	550.2507851421318
30960.0	414.83805925189847	460.52479562600365	506.20785910190034	550.2513810699954
31020.0	414.838113931287	460.5249459653032	506.2081744538065	550.2519656496577
31080.0	414.83816756713617	460.52509343422895	506.20848378581655	550.2525390976118
31140.0	414.8382201792338	460.52523808748424	506.2087872128935	550.2531016233697
31200.0	414.8382717870379	460.52537997896076	506.20908486380654	550.2536534261874
31260.0	414.8383224099452	460.5255191613306	506.2093768477834	550.2541947216766
31320.0	414.8383720667011	460.52565568634105	506.2096632573758	550.2547257108117
31380.0	414.8384207756456	460.525789604783	506.20994419907004	550.2552465787879
31440.0	414.8384685549117	460.5259209771757	506.210219777237	550.2557575225454
31500.0	414.8385154222775	460.5260498617428	506.21049009431323	550.2562587411703
31560.0	414.83856139509277	460.52617628501054	506.210755250738	550.2567504147171
31620.0	414.83860649055106	460.5263002939826	506.2110153450661	550.2572327176653
31680.0	414.8386507254283	460.5264219347116	506.21127047392076	550.2577058398462
31740.0	414.83869411599653	460.5265412525781	506.21152073222623	550.2581699376927
31800.0	414.83873667838105	460.5266582919538	506.21176621284985	550.258625195833
31860.0	414.8387784283885	460.5267730963491	506.21200700708727	550.2590717848302
31920.0	414.83881938153127	460.52688570850376	506.21224320442894	550.2595098524126
31980.0	414.83885955328856	460.52699617029975	506.2124748926462	550.2599395850584
32040.0	414.83889895840105	460.5271045228457	506.21270215788087	550.2603611162941
32100.0	414.8389376114963	460.5272108064355	506.2129250846056	550.26077462289
32160.0	414.8389755268243	460.52731506058717	506.21314375559894	550.2611802451923
32220.0	414.839012718696	460.52741732403524	506.2133582521345	550.2615781382922
32280.0	414.8390492007323	460.5275176348909	506.21356865393494	550.2619684498884
32340.0	414.8390849864376	460.52761603045315	506.2137750391832	550.2623513192337
32400.0	414.8391200894476	460.52771254723814	506.21397748455337	550.262726895854
32460.0	414.8391545222248	460.527807221267	506.2141760652742	550.2630953093536
32520.0	414.8391882980826	460.52790008760667	506.2143708551144	550.2634567050129
32580.0	414.8392214293327	460.5279911807731	506.21456192643876	550.2638112095234
32640.0	414.8392539281345	460.52808053477986	506.2147493502644	550.2641589574301
32700.0	414.8392858067509	460.5281681826135	506.2149331961204	550.264500079656
32760.0	414.8393170771398	460.52825415705456	506.21511353242335	550.2648346928282
32820.0	414.83934775057804	460.5283384901071	506.21529042611155	550.2651629401522
32880.0	414.8393778387282	460.5284212127064	506.21546394289084	550.2654849123835
32940.0	414.839407352647	460.5285023562201	506.21563414731975	550.2658007649192
33000.0	414.83943630342924	460.52858195042097	506.2158011025594	550.266110580216
33060.0	414.8394647013076	460.5286600249331	506.2159648705893	550.2664144981424
33120.0	414.8394925578599	460.52873660898837	506.21612551234085	550.266712624703
33180.0	414.8395198822735	460.5288117308031	506.2162830874749	550.2670050565007
33240.0	414.83954668557874	460.52888541841924	506.21643765458566	550.267291929457
33300.0	414.83957297711436	460.52895769918246	506.2165892710372	550.2675733170854
33360.0	414.83959876699964	460.52902859999136	506.2167379932482	550.2678493456337
33420.0	414.8396240645027	460.5290981472626	506.2168838764063	550.2681201250183
33480.0	414.8396488793321	460.5291663668456	506.2170269747015	550.2683857163674
33540.0	414.83967322076586	460.5292332839962	506.2171673414	550.2686462588355
33600.0	414.83969709743735	460.52929892351546	506.21730502854206	550.2689018403869
33660.0	414.8397205185646	460.5293633100545	506.21744008727234	550.2691525283877
33720.0	414.8397434925891	460.5294264672144	506.21757256782047	550.2693984505454
33780.0	414.8397660281489	460.52948841878333	506.2177025194065	550.2696396908228
33840.0	414.83978813365496	460.52954918756603	506.2178299903101	550.2698763086789
33900.0	414.83980981702183	460.5296087962078	506.2179550278946	550.2701084300867
33960.0	414.839831086861	460.5296672668291	506.2180776785631	550.2703361462632
34020.0	414.8398519502846	460.5297246211804	506.21819798787135	550.2705594931002
34080.0	414.839872415674	460.5297808806753	506.21831600060364	550.2707785904951
34140.0	414.83989249063933	460.5298360660235	506.2184317604901	550.2709935216723
34200.0	414.83991219351884	460.529890197916	506.2185453105962	550.271204343729
34260.0	414.8399315276541	460.52994329629206	506.2186566931122	550.2714111368823
34320.0	414.8399504927835	460.5299953811516	506.2187659493726	550.2716139978946
34380.0	414.83996909564155	460.53004647169166	506.2188731200999	550.2718130011834
34440.0	414.8399873436329	460.53009658690024	506.2189782450256	550.2720081838321
34500.0	414.84000524353587	460.53014574532585	506.2190813632116	550.272199649278
34560.0	414.8400228015462	460.53019396548405	506.2191825129777	550.2723874738332
34620.0	414.8400400245505	460.5302412650362	506.21928173189576	550.2725717264082
34680.0	414.8400569188274	460.53028766175964	506.219379056829	550.2727524360531
34740.0	414.84007349057106	460.5303331727591	506.2194745239049	550.2729297063976
34800.0	414.84008974609554	460.5303778149992	506.2195681685914	550.2731036055982
34860.0	414.8401056912605	460.5304216049484	506.2196600257775	550.2732741976251
34920.0	414.8401213319916	460.53046455898044	506.2197501294134	550.2734415171402
34980.0	414.84013668166233	460.5305066931023	506.219838513055	550.2736056408525
35040.0	414.84015173947046	460.53054802267724	506.21992520964983	550.2737666434657
35100.0	414.84016650948234	460.53058856370234	506.2200102512029	550.27392458403
35160.0	414.84018099668424	460.5306283306888	506.2200936693239	550.274079519602
35220.0	414.84019520727537	460.53066733869736	506.22017549517074	550.2742314673504
35280.0	414.8402091459453	460.53070560200007	506.2202557590863	550.2743805255104
35340.0	414.8402228181933	460.5307431349409	506.2203344907748	550.2745267488831
35400.0	414.84023622964037	460.5307799514747	506.22041171968704	550.2746701911695
35460.0	414.8402493841392	460.5308160652193	506.2204874743746	550.2748109050438
35520.0	414.84026228766925	460.530851489661	506.2205617828352	550.274948903525
35580.0	414.840274944265	460.5308862378436	506.2206346730246	550.2750842744775
35640.0	414.8402873592984	460.5309203225761	506.2207061716857	550.2752170708792
35700.0	414.84029953655886	460.53095375689423	506.22077630553804	550.2753473414328
35760.0	414.84031148126496	460.53098655302125	506.2208451006493	550.2754751340686
35820.0	414.84032319788224	460.53101872288863	506.2209125825096	550.2756004844448
35880.0	414.84033469046324	460.53105027888336	506.2209787761254	550.2757234198453
35940.0	414.8403459632819	460.5310812324755	506.22104370628097	550.2758440171577
36000.0	414.84035702092285	460.53111159512247	506.2211073969927	550.2759623207901


